date,open,high,low,close,adjClose,volume,unadjustedVolume,change,changePercent,vwap,label,changeOverTime
2022-10-28,71.73,73.3,71.7,73.17,73.17,9545611.0,9545611.0,1.44,2.008,72.72333,"October 28, 22",0.02008
2022-10-27,71.61,72.07,71.49,71.6,71.6,9988787.0,9988787.0,-0.01,-0.014,71.72,"October 27, 22",-1.4E-4
2022-10-26,71.23,72.05,71.01,71.54,71.54,9472681.0,9472681.0,0.31,0.435,71.53333,"October 26, 22",0.00435
2022-10-25,70.31,71.16,69.91,71.07,71.07,1.0620064E7,1.0620064E7,0.76,1.081,70.71333,"October 25, 22",0.01081
2022-10-24,69.4,70.29,69.25,70.15,70.15,1.0953165E7,1.0953165E7,0.75,1.081,69.89667,"October 24, 22",0.01081
2022-10-21,67.83,69.08,67.61,68.91,68.91,9553806.0,9553806.0,1.08,1.592,68.53333,"October 21, 22",0.01592
2022-10-20,68.86,69.02,67.81,67.87,67.87,1.002327E7,1.002327E7,-0.99,-1.438,68.23333,"October 20, 22",-0.01438
2022-10-19,69.25,69.62,68.55,68.83,68.83,8985814.0,8985814.0,-0.42,-0.606,69.0,"October 19, 22",-0.00606
2022-10-18,69.28,69.62,68.74,69.15,69.15,1.1000756E7,1.1000756E7,-0.13,-0.188,69.17,"October 18, 22",-0.00188
2022-10-17,68.24,68.6,68.1,68.26,68.26,9105643.0,9105643.0,0.02,0.029,68.32,"October 17, 22",2.9E-4
2022-10-14,69.18,69.26,67.42,67.53,67.53,1.1611631E7,1.1611631E7,-1.65,-2.385,68.07,"October 14, 22",-0.02385
2022-10-13,67.0,69.025,66.69,68.77,68.77,1.7990368E7,1.7990368E7,1.77,2.642,68.16167,"October 13, 22",0.02642
2022-10-12,67.95,68.42,67.64,67.65,67.65,1.096321E7,1.096321E7,-0.3,-0.442,67.90333,"October 12, 22",-0.00442
2022-10-11,66.78,67.9,66.67,67.29,67.29,1.0783418E7,1.0783418E7,0.51,0.764,67.28667,"October 11, 22",0.00764
2022-10-10,66.62,67.02,66.18,66.74,66.74,1.1798294E7,1.1798294E7,0.12,0.18,66.64667,"October 10, 22",0.0018
2022-10-07,67.38,67.46,66.24,66.5,66.5,1.374073E7,1.374073E7,-0.88,-1.306,66.73333,"October 07, 22",-0.01306
2022-10-06,68.49,68.61,67.36,67.51,67.51,1.0607883E7,1.0607883E7,-0.98,-1.431,67.82667,"October 06, 22",-0.01431
2022-10-05,68.55,68.88,67.79,68.51,68.51,1.0596231E7,1.0596231E7,-0.04,-0.058,68.39333,"October 05, 22",-5.8E-4
2022-10-04,68.29,69.27,68.28,68.91,68.91,1.3362927E7,1.3362927E7,0.62,0.908,68.82,"October 04, 22",0.00908
2022-10-03,67.21,68.05,66.84,67.88,67.88,1.2703137E7,1.2703137E7,0.67,0.997,67.59,"October 03, 22",0.00997
2022-09-30,68.0800018,68.1900024,66.6800003,66.7300034,66.7300034,1.34271E7,1.34271E7,-1.35,-1.983,67.2,"September 30, 22",-0.01983
2022-09-29,68.8899994,69.0299988,67.4899979,67.9100037,67.9100037,1.35082E7,1.35082E7,-0.98,-1.423,68.14333,"September 29, 22",-0.01423
2022-09-28,68.5400009,69.3899994,67.9400024,69.0500031,69.0500031,1.42592E7,1.42592E7,0.51,0.744,68.79333,"September 28, 22",0.00744
2022-09-27,69.7699966,70.1500015,68.0999985,68.2300034,68.2300034,1.71593E7,1.71593E7,-1.53999,-2.207,68.82667,"September 27, 22",-0.02207
2022-09-26,69.2300034,70.0299988,69.0999985,69.4300003,69.4300003,1.1638E7,1.1638E7,0.2,0.289,69.52,"September 26, 22",0.00289
2022-09-23,70.1900024,70.1900024,68.6600037,69.3799973,69.3799973,1.59095E7,1.59095E7,-0.81001,-1.154,69.41,"September 23, 22",-0.01154
2022-09-22,70.7399979,71.0599976,70.4499969,70.5800018,70.5800018,1.04284E7,1.04284E7,-0.16,-0.226,70.69667,"September 22, 22",-0.00226
2022-09-21,71.3799973,72.0800018,70.6399994,70.6800003,70.6800003,1.41897E7,1.41897E7,-0.7,-0.981,71.13333,"September 21, 22",-0.00981
2022-09-20,70.8700027,71.1100006,70.4000015,70.9499969,70.9499969,9169900.0,9169900.0,0.07999,0.113,70.82,"September 20, 22",0.00113
2022-09-19,70.5999985,71.3899994,70.5999985,71.3399963,71.3399963,9370400.0,9370400.0,0.74,1.048,71.11,"September 19, 22",0.01048
2022-09-16,70.9100037,71.4100037,70.9000015,71.3300018,70.8690033,1.34526E7,1.34526E7,-0.041,-0.058,71.05967,"September 16, 22",-5.8E-4
2022-09-15,71.7200012,71.7900009,70.9700012,71.1600037,70.7001038,1.12347E7,1.12347E7,-1.0199,-1.422,71.15337,"September 15, 22",-0.01422
2022-09-14,72.0100021,72.0999985,71.3399963,71.7600021,71.2962189,1.22915E7,1.22915E7,-0.71378,-0.991,71.57874,"September 14, 22",-0.00991
2022-09-13,73.6500015,73.75,71.5899963,71.7900009,71.3260269,1.29408E7,1.29408E7,-2.32397,-3.155,72.22201,"September 13, 22",-0.03155
2022-09-12,74.0400009,74.5199966,73.9400024,74.2699966,73.7899933,8680000.0,8680000.0,-0.25001,-0.338,74.08333,"September 12, 22",-0.00338
2022-09-09,73.4499969,74.4700012,73.1800003,73.9800034,73.5018768,1.8139E7,1.8139E7,0.05188,0.071,73.71729,"September 09, 22",7.1E-4
2022-09-08,73.0899963,73.5400009,72.4000015,73.2600021,72.7865295,1.48439E7,1.48439E7,-0.30347,-0.415,72.90884,"September 08, 22",-0.00415
2022-09-07,72.3799973,73.5400009,72.3199997,73.4499969,72.975296,1.96323E7,1.96323E7,0.5953,0.822,72.9451,"September 07, 22",0.00822
2022-09-06,72.5999985,73.1800003,72.0500031,72.1500015,71.6837006,2.18718E7,2.18718E7,-0.9163,-1.262,72.30457,"September 06, 22",-0.01262
2022-09-02,74.0800018,74.3700027,72.3300018,72.5599976,72.0910492,1.58461E7,1.58461E7,-1.98895,-2.685,72.93035,"September 02, 22",-0.02685
2022-09-01,72.8600006,73.6800003,72.5800018,73.5199966,73.0448456,1.59682E7,1.59682E7,0.18484,0.254,73.10162,"September 01, 22",0.00254
2022-08-31,73.7900009,73.9199982,73.1100006,73.1100006,72.6374969,1.03978E7,1.03978E7,-1.1525,-1.562,73.2225,"August 31, 22",-0.01562
2022-08-30,74.4700012,74.4700012,73.3700027,73.5599976,73.0845871,1.03167E7,1.03167E7,-1.38541,-1.86,73.64153,"August 30, 22",-0.0186
2022-08-29,74.0100021,74.75,73.8199997,74.3300018,73.8496094,1.32143E7,1.32143E7,-0.16039,-0.217,74.13987,"August 29, 22",-0.00217
2022-08-26,76.3799973,76.4700012,74.3600006,74.4499969,73.9688339,1.12125E7,1.12125E7,-2.41116,-3.157,74.93295,"August 26, 22",-0.03157
2022-08-25,76.0199966,76.3399963,75.6600037,76.3399963,75.8466187,6105000.0,6105000.0,-0.17338,-0.228,75.94887,"August 25, 22",-0.00228
2022-08-24,75.9300003,76.1500015,75.6699982,75.9899979,75.4988785,8061900.0,8061900.0,-0.43112,-0.568,75.77296,"August 24, 22",-0.00568
2022-08-23,75.8499985,75.9100037,75.4700012,75.8000031,75.310112,1.01834E7,1.01834E7,-0.53989,-0.712,75.56337,"August 23, 22",-0.00712
2022-08-22,76.6800003,76.6999969,76.0,76.1299973,75.6379776,7113700.0,7113700.0,-1.04202,-1.359,76.11266,"August 22, 22",-0.01359
2022-08-19,76.9199982,77.2799988,76.7699966,76.9100037,76.412941,6456500.0,6456500.0,-0.50706,-0.659,76.82098,"August 19, 22",-0.00659
2022-08-18,76.7799988,77.2699966,76.6900024,77.1600037,76.6613235,5777700.0,5777700.0,-0.11868,-0.155,76.87377,"August 18, 22",-0.00155
2022-08-17,76.8000031,77.1999969,76.7099991,76.9000015,76.4029999,9667600.0,9667600.0,-0.397,-0.517,76.771,"August 17, 22",-0.00517
2022-08-16,76.5400009,77.4000015,76.4800034,77.1200027,76.621582,1.23126E7,1.23126E7,0.08158,0.107,76.83386,"August 16, 22",0.00107
2022-08-15,75.4700012,76.3399963,75.3499985,76.2600021,75.7671356,1.02072E7,1.02072E7,0.29713,0.394,75.81904,"August 15, 22",0.00394
2022-08-12,75.0899963,75.5100021,74.8000031,75.5100021,75.0219879,1.10944E7,1.10944E7,-0.06801,-0.091,75.11066,"August 12, 22",-9.1E-4
2022-08-11,75.3600006,75.5999985,74.6900024,74.8600006,74.3761826,8959500.0,8959500.0,-0.98382,-1.305,74.88873,"August 11, 22",-0.01305
2022-08-10,75.1999969,75.2699966,74.7799988,75.0400009,74.5550232,1.12623E7,1.12623E7,-0.64497,-0.858,74.86834,"August 10, 22",-0.00858
2022-08-09,74.7099991,74.8199997,74.3499985,74.4899979,74.0085754,8086200.0,8086200.0,-0.70142,-0.939,74.39286,"August 09, 22",-0.00939
2022-08-08,74.9300003,75.1600037,74.4199982,74.5999985,74.1178665,6966100.0,6966100.0,-0.81213,-1.084,74.56596,"August 08, 22",-0.01084
2022-08-05,74.4400024,74.6900024,73.9400024,74.6399994,74.157608,7125700.0,7125700.0,-0.28239,-0.379,74.26254,"August 05, 22",-0.00379
2022-08-04,75.1399994,75.3499985,74.5100021,74.8099976,74.3265076,1.19836E7,1.19836E7,-0.81349,-1.083,74.72884,"August 04, 22",-0.01083
2022-08-03,74.8399963,75.4599991,74.5299988,75.3099976,74.8232727,1.28084E7,1.28084E7,-0.01672,-0.022,74.93776,"August 03, 22",-2.2E-4
2022-08-02,75.3700027,75.5100021,74.7099991,74.8199997,74.336441,1.06327E7,1.06327E7,-1.03356,-1.371,74.85215,"August 02, 22",-0.01371
2022-08-01,74.3899994,75.6600037,74.3600006,75.4199982,74.9325638,1.31504E7,1.31504E7,0.54256,0.729,74.98419,"August 01, 22",0.00729
2022-07-29,74.2099991,74.6100006,74.0100021,74.4899979,74.0085754,1.31989E7,1.31989E7,-0.20142,-0.271,74.20953,"July 29, 22",-0.00271
2022-07-28,73.9400024,75.2200012,73.8099976,75.0699997,74.5848236,9372000.0,9372000.0,0.64482,0.872,74.53827,"July 28, 22",0.00872
2022-07-27,73.25,74.0999985,72.6900024,73.8899994,73.4124527,1.09956E7,1.09956E7,0.16245,0.222,73.40082,"July 27, 22",0.00222
2022-07-26,72.8899994,73.5,72.6500015,73.3899994,72.9156876,9764200.0,9764200.0,0.02569,0.035,73.0219,"July 26, 22",3.5E-4
2022-07-25,73.2900009,73.7300034,73.1399994,73.5599976,73.0845871,8157500.0,8157500.0,-0.20541,-0.28,73.3182,"July 25, 22",-0.0028
2022-07-22,72.8799973,73.4100037,72.7699966,73.1999969,72.7269135,9369800.0,9369800.0,-0.15308,-0.21,72.96897,"July 22, 22",-0.0021
2022-07-21,72.3600006,72.8899994,72.1500015,72.7200012,72.2500153,1.19448E7,1.19448E7,-0.10999,-0.152,72.43001,"July 21, 22",-0.00152
2022-07-20,73.0699997,73.1399994,72.1200027,72.5,72.0314407,1.0232E7,1.0232E7,-1.03856,-1.421,72.43048,"July 20, 22",-0.01421
2022-07-19,72.8300018,73.1299973,72.6299973,72.9899979,72.5182648,8729100.0,8729100.0,-0.31174,-0.428,72.75942,"July 19, 22",-0.00428
2022-07-18,73.0699997,73.1900024,72.0999985,72.2300034,71.7631836,8473600.0,8473600.0,-1.30682,-1.788,72.35106,"July 18, 22",-0.01788
2022-07-15,73.1800003,73.4100037,72.6500015,72.9400024,72.4685974,9300100.0,9300100.0,-0.7114,-0.972,72.84287,"July 15, 22",-0.00972
2022-07-14,71.7099991,72.8099976,71.6900024,72.6999969,72.2301407,1.08017E7,1.08017E7,0.52014,0.725,72.24338,"July 14, 22",0.00725
2022-07-13,72.1699982,73.2900009,71.9899979,72.6399994,72.1705322,1.38516E7,1.38516E7,5.3E-4,0.001,72.48351,"July 13, 22",1.0E-5
2022-07-12,72.9000015,73.5500031,72.3300018,72.5899963,72.1208496,1.10322E7,1.10322E7,-0.77915,-1.069,72.66695,"July 12, 22",-0.01069
2022-07-11,72.8099976,73.3000031,72.5500031,72.8000031,72.3294983,7172500.0,7172500.0,-0.4805,-0.66,72.7265,"July 11, 22",-0.0066
2022-07-08,73.0599976,73.4800034,72.6699982,72.9000015,72.4288559,1.07325E7,1.07325E7,-0.63114,-0.864,72.85962,"July 08, 22",-0.00864
2022-07-07,72.9000015,73.1500015,72.5999985,73.0299988,72.5580139,8476300.0,8476300.0,-0.34199,-0.469,72.76934,"July 07, 22",-0.00469
2022-07-06,73.0199966,73.4700012,72.7300034,72.9599991,72.4884644,1.17681E7,1.17681E7,-0.53153,-0.728,72.89616,"July 06, 22",-0.00728
2022-07-05,72.7300034,72.9800034,71.5800018,72.75,72.2798233,1.28287E7,1.28287E7,-0.45018,-0.619,72.27994,"July 05, 22",-0.00619
2022-07-01,72.1999969,73.2699966,72.0800018,73.2200012,72.746788,1.16641E7,1.16641E7,0.54679,0.757,72.69893,"July 01, 22",0.00757
2022-06-30,71.7600021,72.5,71.3300018,72.1800003,71.7135086,1.26707E7,1.26707E7,-0.04649,-0.065,71.84784,"June 30, 22",-6.5E-4
2022-06-29,71.9599991,72.4300003,71.7900009,72.1299973,71.663826,9230600.0,9230600.0,-0.29617,-0.412,71.96128,"June 29, 22",-0.00412
2022-06-28,72.8600006,73.3199997,71.6200027,71.6800003,71.2167358,1.1004E7,1.1004E7,-1.64326,-2.255,72.05225,"June 28, 22",-0.02255
2022-06-27,72.9199982,73.0400009,72.4400024,72.6500015,72.1804733,1.09365E7,1.09365E7,-0.73952,-1.014,72.55349,"June 27, 22",-0.01014
2022-06-24,72.0800018,72.8799973,71.8199997,72.8499985,72.3791733,1.3437E7,1.3437E7,0.29917,0.415,72.35972,"June 24, 22",0.00415
2022-06-23,70.5699997,71.5199966,70.5,71.4499969,70.9882202,1.65707E7,1.65707E7,0.41822,0.593,71.00274,"June 23, 22",0.00593
2022-06-22,69.7900009,70.5699997,69.5199966,70.0899963,69.6370087,1.52072E7,1.52072E7,-0.15299,-0.219,69.909,"June 22, 22",-0.00219
2022-06-21,69.1299973,70.3300018,68.8000031,70.1399994,69.6866913,1.61472E7,1.61472E7,0.55669,0.805,69.60557,"June 21, 22",0.00805
2022-06-17,69.1999969,69.5800018,68.5199966,68.8300018,67.875473,2.48253E7,2.48253E7,-1.32452,-1.914,68.65849,"June 17, 22",-0.01914
2022-06-16,68.6600037,69.6100006,68.2200012,69.0800018,68.1220093,1.90171E7,1.90171E7,-0.53799,-0.784,68.65067,"June 16, 22",-0.00784
2022-06-15,70.0299988,70.5899963,68.8300018,69.6100006,68.6446533,2.00694E7,2.00694E7,-1.38535,-1.978,69.35488,"June 15, 22",-0.01978
2022-06-14,70.3499985,70.6699982,69.0400009,69.5400009,68.5756226,1.98646E7,1.98646E7,-1.77438,-2.522,69.42854,"June 14, 22",-0.02522
2022-06-13,70.8499985,71.3399963,70.0800018,70.3700027,69.3941193,2.2813E7,2.2813E7,-1.45588,-2.055,70.27137,"June 13, 22",-0.02055
2022-06-10,71.3399963,72.4899979,70.9700012,71.9199982,70.9226151,1.77205E7,1.77205E7,-0.41738,-0.585,71.46087,"June 10, 22",-0.00585
2022-06-09,73.2600021,73.9700012,72.2099991,72.2300034,71.2283249,9442200.0,9442200.0,-2.03168,-2.773,72.46944,"June 09, 22",-0.02773
2022-06-08,73.8199997,73.9899979,73.2799988,73.3300018,72.3130646,7896600.0,7896600.0,-1.50694,-2.041,73.19435,"June 08, 22",-0.02041
2022-06-07,72.8899994,74.3399963,72.8899994,74.2399979,73.2104416,9070200.0,9070200.0,0.32044,0.44,73.48015,"June 07, 22",0.0044
2022-06-06,74.3300018,74.5599976,73.5999985,73.8499985,72.8258514,1.09242E7,1.09242E7,-1.50415,-2.024,73.66195,"June 06, 22",-0.02024
2022-06-03,74.2600021,74.5500031,73.6299973,73.8199997,72.7962646,9750300.0,9750300.0,-1.46374,-1.971,73.65875,"June 03, 22",-0.01971
2022-06-02,73.6699982,74.5699997,72.4599991,74.5699997,73.5358734,1.76185E7,1.76185E7,-0.13412,-0.182,73.52196,"June 02, 22",-0.00182
2022-06-01,74.5699997,74.6299973,73.0100021,73.5,72.4807129,1.7552E7,1.7552E7,-2.08929,-2.802,73.37357,"June 01, 22",-0.02802
2022-05-31,74.5999985,74.9599991,73.6900024,74.4700012,73.4372559,1.92122E7,1.92122E7,-1.16274,-1.559,74.02909,"May 31, 22",-0.01559
2022-05-27,74.25,75.0,74.1200027,75.0,73.9599075,1.69213E7,1.69213E7,-0.29009,-0.391,74.35997,"May 27, 22",-0.00391
2022-05-26,73.6999969,74.5199966,73.5800018,74.1399994,73.1118317,1.65805E7,1.65805E7,-0.58817,-0.798,73.73728,"May 26, 22",-0.00798
2022-05-25,73.1999969,73.5699997,72.7399979,73.3600006,72.3426514,1.66473E7,1.66473E7,-0.85735,-1.171,72.88422,"May 25, 22",-0.01171
2022-05-24,71.9899979,73.4499969,71.8700027,73.3399963,72.3229218,2.32724E7,2.32724E7,0.33292,0.462,72.54764,"May 24, 22",0.00462
2022-05-23,71.4800034,72.4199982,71.2699966,72.1600037,71.1592941,1.77109E7,1.77109E7,-0.32071,-0.449,71.61643,"May 23, 22",-0.00449
2022-05-20,70.9499969,70.9700012,69.5800018,70.6999969,69.7195358,2.6185E7,2.6185E7,-1.23046,-1.734,70.08985,"May 20, 22",-0.01734
2022-05-19,71.4300003,71.4499969,70.0800018,70.5500031,69.5716248,3.8772E7,3.8772E7,-1.85838,-2.602,70.36721,"May 19, 22",-0.02602
2022-05-18,75.9300003,75.9599991,71.5999985,71.8300018,70.8338699,4.01889E7,4.01889E7,-5.09613,-6.712,72.79796,"May 18, 22",-0.06712
2022-05-17,77.0299988,77.2300034,75.9899979,76.7699966,75.7053604,2.0637E7,2.0637E7,-1.32464,-1.72,76.30845,"May 17, 22",-0.0172
2022-05-16,76.9000015,77.6500015,76.5699997,77.3000031,76.2280121,1.46137E7,1.46137E7,-0.67199,-0.874,76.816,"May 16, 22",-0.00874
2022-05-13,76.1900024,77.0100021,75.7300034,76.9499969,75.8828659,1.54053E7,1.54053E7,-0.30714,-0.403,76.20762,"May 13, 22",-0.00403
2022-05-12,75.9800034,76.3600006,75.0,75.8099976,74.758667,2.90497E7,2.90497E7,-1.22134,-1.607,75.37289,"May 12, 22",-0.01607
2022-05-11,76.25,77.1100006,75.7699966,75.8300018,74.7783966,3.01101E7,3.01101E7,-1.4716,-1.93,75.88613,"May 11, 22",-0.0193
2022-05-10,77.0800018,77.3300018,75.8499985,76.1600037,75.1038208,3.25109E7,3.25109E7,-1.97618,-2.564,76.09461,"May 10, 22",-0.02564
2022-05-09,76.1299973,77.3700027,75.7699966,76.6900024,75.6264725,3.33238E7,3.33238E7,-0.50352,-0.661,76.25549,"May 09, 22",-0.00661
2022-05-06,76.3600006,77.1100006,75.9700012,76.7200012,75.6560516,3.40469E7,3.40469E7,-0.70395,-0.922,76.24535,"May 06, 22",-0.00922
2022-05-05,77.6999969,77.8799973,76.0699997,76.6399994,75.5771637,3.21861E7,3.21861E7,-2.12283,-2.732,76.50905,"May 05, 22",-0.02732
2022-05-04,76.4300003,78.2300034,76.1999969,78.1200027,77.036644,3.71616E7,3.71616E7,0.60664,0.794,77.15555,"May 04, 22",0.00794
2022-05-03,76.4899979,77.1200027,75.9000015,76.4000015,75.3404922,4.76469E7,4.76469E7,-1.14951,-1.503,76.12017,"May 03, 22",-0.01503
2022-05-02,78.1800003,78.2900009,75.4899979,76.6200027,75.5574417,5.51451E7,5.51451E7,-2.62256,-3.355,76.44581,"May 02, 22",-0.03355
2022-04-29,79.4100037,79.5299988,77.5400009,77.6399994,76.5633011,2.78029E7,2.78029E7,-2.8467,-3.585,77.87777,"April 29, 22",-0.03585
2022-04-28,78.7600021,79.9000015,78.3499985,79.8099976,78.7032013,2.21285E7,2.21285E7,-0.0568,-0.072,78.9844,"April 28, 22",-7.2E-4
2022-04-27,78.5299988,79.4700012,78.3199997,78.6500015,77.559288,2.94417E7,2.94417E7,-0.97071,-1.236,78.44976,"April 27, 22",-0.01236
2022-04-26,79.4700012,79.8499985,78.3399963,78.3600006,77.2733078,2.68645E7,2.68645E7,-2.19669,-2.764,78.48777,"April 26, 22",-0.02764
2022-04-25,79.4899979,79.8300018,78.1800003,79.5899963,78.4862518,3.08682E7,3.08682E7,-1.00375,-1.263,78.83208,"April 25, 22",-0.01263
2022-04-22,80.6900024,80.7900009,79.1699982,79.2399979,78.1411057,1.97479E7,1.97479E7,-2.5489,-3.159,79.36703,"April 22, 22",-0.03159
2022-04-21,80.7300034,81.3399963,80.4400024,80.5,79.3836365,1.85018E7,1.85018E7,-1.34637,-1.668,80.38788,"April 21, 22",-0.01668
2022-04-20,79.8199997,80.75,79.7699966,80.5699997,79.4526596,2.16596E7,2.16596E7,-0.36734,-0.46,79.99089,"April 20, 22",-0.0046
2022-04-19,78.2200012,79.4899979,78.1500015,79.3799973,78.2791672,1.28141E7,1.28141E7,0.05917,0.076,78.63972,"April 19, 22",7.6E-4
2022-04-18,78.6600037,78.9499969,77.9700012,78.1900024,77.1056671,1.14267E7,1.14267E7,-1.55434,-1.976,78.00856,"April 18, 22",-0.01976
2022-04-14,78.9899979,79.3899994,78.7900009,78.8399963,77.7466507,1.21956E7,1.21956E7,-1.24335,-1.574,78.64222,"April 14, 22",-0.01574
2022-04-13,78.3600006,78.9700012,78.3499985,78.8600006,77.7663803,1.17155E7,1.17155E7,-0.59362,-0.758,78.36213,"April 13, 22",-0.00758
2022-04-12,78.4100037,78.9599991,78.1399994,78.4199982,77.3324814,1.98048E7,1.98048E7,-1.07752,-1.374,78.14416,"April 12, 22",-0.01374
2022-04-11,78.8600006,79.1200027,78.25,78.4000015,77.3127594,1.82299E7,1.82299E7,-1.54724,-1.962,78.22759,"April 11, 22",-0.01962
2022-04-08,78.5999985,78.9599991,78.25,78.7200012,77.6283264,1.38794E7,1.38794E7,-0.97167,-1.236,78.27944,"April 08, 22",-0.01236
2022-04-07,77.7099991,78.5599976,77.4899979,78.3899994,77.3028946,1.83115E7,1.83115E7,-0.4071,-0.524,77.7843,"April 07, 22",-0.00524
2022-04-06,76.4800034,77.5500031,76.1500015,77.4499969,76.3759232,2.38496E7,2.38496E7,-0.10408,-0.136,76.69198,"April 06, 22",-0.00136
2022-04-05,76.0599976,77.2699966,76.0599976,76.4800034,75.4193878,1.27172E7,1.27172E7,-0.64061,-0.842,76.24979,"April 05, 22",-0.00842
2022-04-04,76.5199966,76.5199966,75.5400009,76.4100037,75.3503571,9618400.0,9618400.0,-1.16964,-1.529,75.80345,"April 04, 22",-0.01529
2022-04-01,76.0299988,76.7399979,75.7399979,76.6500015,75.5870285,1.2644E7,1.2644E7,-0.44297,-0.583,76.02234,"April 01, 22",-0.00583
2022-03-31,75.9800034,76.3499985,75.7600021,75.8899994,74.8375626,1.23885E7,1.23885E7,-1.14244,-1.504,75.64919,"March 31, 22",-0.01504
2022-03-30,75.7200012,76.0800018,75.4000015,76.0699997,75.0150681,1.33675E7,1.33675E7,-0.70493,-0.931,75.49836,"March 30, 22",-0.00931
2022-03-29,75.9400024,76.1600037,75.3399963,76.0199966,74.9657593,1.65951E7,1.65951E7,-0.97424,-1.283,75.48859,"March 29, 22",-0.01283
2022-03-28,75.0699997,75.3499985,74.6299973,75.3499985,74.3050537,1.16026E7,1.16026E7,-0.76495,-1.019,74.76168,"March 28, 22",-0.01019
2022-03-25,74.5999985,75.1900024,74.5299988,75.0400009,73.9993591,1.25084E7,1.25084E7,-0.60064,-0.805,74.57312,"March 25, 22",-0.00805
2022-03-24,74.1999969,74.4499969,73.9499969,74.4199982,73.3879471,9458800.0,9458800.0,-0.81205,-1.094,73.92931,"March 24, 22",-0.01094
2022-03-23,74.5899963,74.7799988,73.8300018,73.9000015,72.8751602,1.40278E7,1.40278E7,-1.71484,-2.299,73.82839,"March 23, 22",-0.02299
2022-03-22,74.5,74.6500015,73.8700027,74.5,73.4668427,1.16673E7,1.16673E7,-1.03316,-1.387,73.99562,"March 22, 22",-0.01387
2022-03-21,74.0400009,74.6100006,73.5400009,73.9499969,72.9244614,1.76591E7,1.76591E7,-1.11554,-1.507,73.69149,"March 21, 22",-0.01507
2022-03-18,74.0899963,74.2600021,73.5299988,74.1900024,72.8307877,2.02786E7,2.02786E7,-1.25921,-1.7,73.54026,"March 18, 22",-0.017
2022-03-17,73.4599991,74.1500015,73.2900009,74.0199966,72.6638947,1.44846E7,1.44846E7,-0.7961,-1.084,73.36797,"March 17, 22",-0.01084
2022-03-16,73.6100006,73.8899994,72.4599991,73.5100021,72.1632462,1.87832E7,1.87832E7,-1.44675,-1.965,72.83775,"March 16, 22",-0.01965
2022-03-15,72.4700012,73.5199966,72.3000031,73.4300003,72.0847092,1.70781E7,1.70781E7,-0.38529,-0.532,72.6349,"March 15, 22",-0.00532
2022-03-14,71.8899994,72.5400009,71.4300003,71.8199997,70.5042038,1.84389E7,1.84389E7,-1.3858,-1.928,71.4914,"March 14, 22",-0.01928
2022-03-11,72.5400009,72.9400024,71.3399963,71.4400024,70.1311722,1.42765E7,1.42765E7,-2.40883,-3.321,71.47039,"March 11, 22",-0.03321
2022-03-10,72.4499969,72.7300034,71.5999985,72.2799988,70.95578,2.18924E7,2.18924E7,-1.49422,-2.062,71.76193,"March 10, 22",-0.02062
2022-03-09,73.6100006,73.6299973,72.6600037,72.9700012,71.6331406,1.8254E7,1.8254E7,-1.97686,-2.686,72.64105,"March 09, 22",-0.02686
2022-03-08,74.5699997,74.7600021,72.4300003,72.4800034,71.1521149,2.97104E7,2.97104E7,-3.41788,-4.583,72.78071,"March 08, 22",-0.04583
2022-03-07,75.4599991,75.7900009,74.4000015,74.4899979,73.1252899,2.00573E7,2.00573E7,-2.33471,-3.094,74.43843,"March 07, 22",-0.03094
2022-03-04,75.0,76.0299988,74.7099991,75.8700027,74.4800186,2.20789E7,2.20789E7,-0.51998,-0.693,75.07334,"March 04, 22",-0.00693
2022-03-03,75.5800018,76.3099976,75.5199966,75.8600006,74.4701843,1.95765E7,1.95765E7,-1.10982,-1.468,75.43339,"March 03, 22",-0.01468
2022-03-02,74.4800034,75.5899963,74.3799973,75.25,73.8713608,1.8935E7,1.8935E7,-0.60864,-0.817,74.61378,"March 02, 22",-0.00817
2022-03-01,74.6999969,75.3099976,74.0599976,74.4599991,73.0958328,1.87503E7,1.87503E7,-1.60416,-2.147,74.15528,"March 01, 22",-0.02147
2022-02-28,74.7799988,75.2099991,74.0899963,74.9000015,73.5277786,2.09751E7,2.09751E7,-1.25222,-1.675,74.27592,"February 28, 22",-0.01675
2022-02-25,73.9700012,76.0199966,73.9400024,75.9100037,74.5192795,2.11416E7,2.11416E7,0.54928,0.743,74.82643,"February 25, 22",0.00743
2022-02-24,73.8399963,74.0,72.1900024,73.5400009,72.1926956,3.01255E7,3.01255E7,-1.6473,-2.231,72.79423,"February 24, 22",-0.02231
2022-02-23,75.6900024,75.7300034,74.7300034,74.8300018,73.4590683,1.51343E7,1.51343E7,-2.23093,-2.947,74.63969,"February 23, 22",-0.02947
2022-02-22,76.0899963,76.1500015,74.9599991,75.4400024,74.0578842,2.15458E7,2.15458E7,-2.03211,-2.671,75.05596,"February 22, 22",-0.02671
2022-02-18,75.8300018,76.3199997,75.5800018,76.0299988,74.6370697,1.64701E7,1.64701E7,-1.19293,-1.573,75.51236,"February 18, 22",-0.01573
2022-02-17,75.1200027,76.0999985,74.9000015,75.8899994,74.4996414,1.28733E7,1.28733E7,-0.62036,-0.826,75.16655,"February 17, 22",-0.00826
2022-02-16,75.1299973,75.5800018,74.5800018,75.3099976,73.9302673,1.35077E7,1.35077E7,-1.19973,-1.597,74.69676,"February 16, 22",-0.01597
2022-02-15,75.4899979,75.9700012,74.8199997,75.1699982,73.7928314,1.23004E7,1.23004E7,-1.69717,-2.248,74.86094,"February 15, 22",-0.02248
2022-02-14,75.25,75.5299988,74.0400009,75.0400009,73.6652222,2.35508E7,2.35508E7,-1.58478,-2.106,74.41174,"February 14, 22",-0.02106
2022-02-11,75.7399979,76.0199966,75.0299988,75.25,73.8713608,1.84983E7,1.84983E7,-1.86864,-2.467,74.97379,"February 11, 22",-0.02467
2022-02-10,75.9199982,76.2699966,75.25,75.5199966,74.1364212,1.98285E7,1.98285E7,-1.78358,-2.349,75.21881,"February 10, 22",-0.02349
2022-02-09,76.6900024,76.8600006,76.2099991,76.3399963,74.9413986,1.48993E7,1.48993E7,-1.7486,-2.28,76.0038,"February 09, 22",-0.0228
2022-02-08,76.2099991,76.5299988,75.9100037,76.3199997,74.9217606,1.14729E7,1.14729E7,-1.28824,-1.69,75.78725,"February 08, 22",-0.0169
2022-02-07,76.1900024,76.4000015,75.5899963,76.0299988,74.6370697,1.09494E7,1.09494E7,-1.55293,-2.038,75.54236,"February 07, 22",-0.02038
2022-02-04,76.3099976,76.6699982,75.4599991,75.8899994,74.4996414,1.79395E7,1.79395E7,-1.81036,-2.372,75.54321,"February 04, 22",-0.02372
2022-02-03,76.4599991,77.2099991,76.3499985,76.8300018,75.4224243,1.44147E7,1.44147E7,-1.03757,-1.357,76.32747,"February 03, 22",-0.01357
2022-02-02,75.9800034,76.9300003,75.9100037,76.8099976,75.4027786,1.36304E7,1.36304E7,-0.57722,-0.76,76.08093,"February 02, 22",-0.0076
2022-02-01,75.9700012,76.1399994,75.1200027,75.9000015,74.5094604,1.56209E7,1.56209E7,-1.46054,-1.923,75.25649,"February 01, 22",-0.01923
2022-01-31,75.2200012,76.0400009,75.0500031,75.9700012,74.5781784,1.5453E7,1.5453E7,-0.64182,-0.853,75.22273,"January 31, 22",-0.00853
2022-01-28,74.4100037,75.7200012,73.7600021,75.6800003,74.2934875,2.51115E7,2.51115E7,-0.11652,-0.157,74.59116,"January 28, 22",-0.00157
2022-01-27,74.8899994,75.9800034,74.5100021,74.8000031,73.4296112,2.38165E7,2.38165E7,-1.46039,-1.95,74.63987,"January 27, 22",-0.0195
2022-01-26,74.6399994,75.3099976,73.8600006,74.3000031,72.9387741,3.3222E7,3.3222E7,-1.70123,-2.279,74.03626,"January 26, 22",-0.02279
2022-01-25,75.0500031,75.3099976,73.9700012,74.8700027,73.4983368,2.86385E7,2.86385E7,-1.55167,-2.068,74.25945,"January 25, 22",-0.02068
2022-01-24,75.6600037,76.1600037,74.1100006,75.7099991,74.322937,3.55189E7,3.55189E7,-1.33707,-1.767,74.86431,"January 24, 22",-0.01767
2022-01-21,76.2799988,76.9300003,75.8399963,75.9599991,74.5683594,2.52706E7,2.52706E7,-1.71164,-2.244,75.77945,"January 21, 22",-0.02244
2022-01-20,76.3300018,76.9800034,75.8300018,75.9000015,74.5094604,1.56778E7,1.56778E7,-1.82054,-2.385,75.77316,"January 20, 22",-0.02385
2022-01-19,76.0599976,76.9300003,76.0400009,76.4000015,75.0002975,1.85185E7,1.85185E7,-1.0597,-1.393,75.9901,"January 19, 22",-0.01393
2022-01-18,76.4599991,76.4800034,75.6800003,75.9199982,74.5290909,1.66838E7,1.66838E7,-1.93091,-2.525,75.56303,"January 18, 22",-0.02525
2022-01-14,76.6999969,77.1299973,76.3499985,77.0299988,75.6187668,2.13917E7,2.13917E7,-1.08123,-1.41,76.36625,"January 14, 22",-0.0141
2022-01-13,76.8300018,77.0500031,76.5800018,76.8899994,75.4813156,1.42873E7,1.42873E7,-1.34869,-1.755,76.37044,"January 13, 22",-0.01755
2022-01-12,76.6699982,76.8099976,76.3899994,76.75,75.3438873,1.11552E7,1.11552E7,-1.32611,-1.73,76.18129,"January 12, 22",-0.0173
2022-01-11,76.7300034,76.7900009,75.8799973,76.7200012,75.3144302,1.95716E7,1.95716E7,-1.41557,-1.845,75.99481,"January 11, 22",-0.01845
2022-01-10,77.3000031,77.4599991,76.5599976,76.8099976,75.4027786,1.85783E7,1.85783E7,-1.89722,-2.454,76.47426,"January 10, 22",-0.02454
2022-01-07,77.2200012,77.7200012,77.0100021,77.4199982,76.0016174,1.26503E7,1.26503E7,-1.21838,-1.578,76.91054,"January 07, 22",-0.01578
2022-01-06,77.5,77.9800034,77.2300034,77.3399963,75.9230804,2.50239E7,2.50239E7,-1.57692,-2.035,77.04436,"January 06, 22",-0.02035
2022-01-05,77.5199966,78.1800003,77.4899979,77.5500031,76.1292343,2.97485E7,2.97485E7,-1.39076,-1.794,77.26641,"January 05, 22",-0.01794
2022-01-04,77.0800018,77.8600006,77.0500031,77.6200027,76.1979446,2.3066E7,2.3066E7,-0.88206,-1.144,77.03598,"January 04, 22",-0.01144
2022-01-03,76.6600037,77.1399994,76.0199966,77.0999985,75.6874771,2.23203E7,2.23203E7,-0.97253,-1.269,76.28249,"January 03, 22",-0.01269
2021-12-31,76.5400009,77.2300034,76.5,77.1100006,75.6972885,1.1289E7,1.1289E7,-0.84271,-1.101,76.47576,"December 31, 21",-0.01101
2021-12-30,77.0199966,77.0999985,76.5400009,76.5899963,75.1868057,6802800.0,6802800.0,-1.83319,-2.38,76.2756,"December 30, 21",-0.0238
2021-12-29,76.5599976,77.0199966,76.4300003,76.8300018,75.4224243,7891600.0,7891600.0,-1.13757,-1.486,76.29081,"December 29, 21",-0.01486
2021-12-28,75.9599991,76.5599976,75.9599991,76.4800034,75.0788422,7285200.0,7285200.0,-0.88116,-1.16,75.86628,"December 28, 21",-0.0116
2021-12-27,75.3000031,76.0500031,75.3000031,76.0500031,74.6567078,7343200.0,7343200.0,-0.6433,-0.854,75.33557,"December 27, 21",-0.00854
2021-12-23,75.2600021,75.5100021,75.1399994,75.25,73.8713608,8089000.0,8089000.0,-1.38864,-1.845,74.84045,"December 23, 21",-0.01845
2021-12-22,74.5800018,75.1100006,74.2900009,75.0800018,73.704483,7650200.0,7650200.0,-0.87552,-1.174,74.36816,"December 22, 21",-0.01174
2021-12-21,74.7099991,74.7600021,74.1699982,74.6100006,73.2430954,1.18721E7,1.18721E7,-1.4669,-1.963,74.0577,"December 21, 21",-0.01963
2021-12-20,74.1200027,74.75,74.0299988,74.7099991,73.3412628,1.41167E7,1.41167E7,-0.77874,-1.051,74.04042,"December 20, 21",-0.01051
2021-12-17,76.2399979,76.6200027,75.1600037,75.1999969,73.3196564,2.38097E7,2.38097E7,-2.92034,-3.83,75.03322,"December 17, 21",-0.0383
2021-12-16,75.9100037,76.7799988,75.9000015,76.5100021,74.5969086,1.4499E7,1.4499E7,-1.3131,-1.73,75.75897,"December 16, 21",-0.0173
2021-12-15,75.2200012,76.0599976,75.1900024,75.9700012,74.0704117,2.1277E7,2.1277E7,-1.14959,-1.528,75.1068,"December 15, 21",-0.01528
2021-12-14,75.0100021,75.3300018,74.7200012,75.2099991,73.3294144,1.60483E7,1.60483E7,-1.68059,-2.24,74.45981,"December 14, 21",-0.0224
2021-12-13,74.1699982,75.3899994,74.0599976,75.1600037,73.2806702,1.65181E7,1.65181E7,-0.88933,-1.199,74.24356,"December 13, 21",-0.01199
2021-12-10,73.3899994,74.2399979,73.2600021,74.1900024,72.3349152,1.089E7,1.089E7,-1.05508,-1.438,73.27831,"December 10, 21",-0.01438
2021-12-09,72.75,73.2200012,72.4400024,72.9599991,71.1356735,8613900.0,8613900.0,-1.61433,-2.219,72.26523,"December 09, 21",-0.02219
2021-12-08,72.8700027,73.1900024,72.1399994,72.7600021,70.9406815,1.44898E7,1.44898E7,-1.92932,-2.648,72.09023,"December 08, 21",-0.02648
2021-12-07,72.9499969,73.3499985,72.8099976,72.9899979,71.164917,1.31693E7,1.31693E7,-1.78508,-2.447,72.44164,"December 07, 21",-0.02447
2021-12-06,72.0800018,73.0999985,72.0699997,72.8300018,71.0089264,1.85244E7,1.85244E7,-1.07108,-1.486,72.05964,"December 06, 21",-0.01486
2021-12-03,71.0800018,71.6800003,70.8700027,71.5699997,69.780426,2.28676E7,2.28676E7,-1.29958,-1.828,70.77681,"December 03, 21",-0.01828
2021-12-02,70.1900024,71.1399994,70.1900024,70.6900024,68.9224396,1.8704E7,1.8704E7,-1.26756,-1.806,70.08415,"December 02, 21",-0.01806
2021-12-01,70.7699966,71.3600006,69.9199982,69.9499969,68.2009354,2.28974E7,2.28974E7,-2.56906,-3.63,69.82698,"December 01, 21",-0.0363
2021-11-30,71.6900024,71.75,70.1399994,70.2900009,68.5324402,2.37151E7,2.37151E7,-3.15756,-4.404,70.14081,"November 30, 21",-0.04404
2021-11-29,72.0400009,72.4199982,71.6800003,72.1399994,70.336174,1.36466E7,1.36466E7,-1.70383,-2.365,71.47872,"November 29, 21",-0.02365
2021-11-26,72.3899994,72.7200012,71.6999969,71.9599991,70.1606674,1.17156E7,1.17156E7,-2.22933,-3.08,71.52689,"November 26, 21",-0.0308
2021-11-24,73.0,73.1100006,72.5500031,72.8799973,71.057663,9556400.0,9556400.0,-1.94234,-2.661,72.23922,"November 24, 21",-0.02661
2021-11-23,72.6299973,73.2200012,72.5100021,73.0999985,71.272171,1.34057E7,1.34057E7,-1.35783,-1.87,72.33406,"November 23, 21",-0.0187
2021-11-22,72.1399994,73.1200027,72.0599976,72.6200027,70.8041763,1.34254E7,1.34254E7,-1.33582,-1.852,71.99473,"November 22, 21",-0.01852
2021-11-19,72.4700012,72.4899979,72.0100021,72.0500031,70.2484283,1.1924E7,1.1924E7,-2.22157,-3.066,71.58281,"November 19, 21",-0.03066
2021-11-18,72.3799973,72.4800034,71.9599991,72.3099976,70.5019226,1.12695E7,1.12695E7,-1.87807,-2.595,71.64731,"November 18, 21",-0.02595
2021-11-17,72.6600037,72.8000031,72.4400024,72.5699997,70.7554245,1.04449E7,1.04449E7,-1.90458,-2.621,71.99848,"November 17, 21",-0.02621
2021-11-16,73.1399994,73.3799973,72.6999969,72.7300034,70.9114227,6562200.0,6562200.0,-2.22858,-3.047,72.33047,"November 16, 21",-0.03047
2021-11-15,72.9700012,73.2699966,72.8300018,73.1900024,71.3599319,6381300.0,6381300.0,-1.61007,-2.206,72.48664,"November 15, 21",-0.02206
2021-11-12,72.9899979,73.1800003,72.7200012,72.8399963,71.0186615,7469800.0,7469800.0,-1.97134,-2.701,72.30622,"November 12, 21",-0.02701
2021-11-11,72.9400024,72.9800034,72.6699982,72.8399963,71.0186615,6319100.0,6319100.0,-1.92134,-2.634,72.22289,"November 11, 21",-0.02634
2021-11-10,72.7399979,73.0800018,72.6100006,72.8899994,71.0674286,1.13504E7,1.13504E7,-1.67257,-2.299,72.25248,"November 10, 21",-0.02299
2021-11-09,72.4400024,72.7399979,72.1999969,72.6699982,70.8529205,1.35276E7,1.35276E7,-1.58708,-2.191,71.93097,"November 09, 21",-0.02191
2021-11-08,73.0299988,73.0800018,72.0800018,72.4199982,70.6091766,1.28136E7,1.28136E7,-2.42082,-3.315,71.92306,"November 08, 21",-0.03315
2021-11-05,72.8600006,73.1200027,72.7200012,73.0,71.174675,9929100.0,9929100.0,-1.68533,-2.313,72.33823,"November 05, 21",-0.02313
2021-11-04,72.25,72.6399994,72.0599976,72.5800018,70.7651749,1.17017E7,1.17017E7,-1.48483,-2.055,71.82172,"November 04, 21",-0.02055
2021-11-03,71.8499985,72.5100021,71.8000031,72.5100021,70.6969299,1.04711E7,1.04711E7,-1.15307,-1.605,71.66898,"November 03, 21",-0.01605
2021-11-02,71.4000015,72.0,71.1900024,71.8399963,70.0436707,9942700.0,9942700.0,-1.35633,-1.9,71.07789,"November 02, 21",-0.019
2021-11-01,71.4000015,71.5199966,71.1100006,71.3600006,69.575676,7033700.0,7033700.0,-1.82433,-2.555,70.73522,"November 01, 21",-0.02555
2021-10-29,71.1399994,71.5299988,71.0699997,71.25,69.4684296,8105300.0,8105300.0,-1.67157,-2.35,70.68948,"October 29, 21",-0.0235
2021-10-28,71.0899963,71.3499985,70.9700012,71.3199997,69.5366821,8614800.0,8614800.0,-1.55331,-2.185,70.61889,"October 28, 21",-0.02185
2021-10-27,71.8600006,71.9100037,71.0400009,71.0699997,69.2929306,1.03349E7,1.03349E7,-2.56707,-3.572,70.74765,"October 27, 21",-0.03572
2021-10-26,71.25,71.6699982,71.1999969,71.4899979,69.7024307,8805500.0,8805500.0,-1.54757,-2.172,70.85748,"October 26, 21",-0.02172
2021-10-25,71.2399979,71.4000015,70.7399979,71.2399979,69.4586868,6844600.0,6844600.0,-1.78131,-2.5,70.5329,"October 25, 21",-0.025
2021-10-22,70.8799973,71.4000015,70.8199997,71.2900009,69.507431,9575700.0,9575700.0,-1.37257,-1.936,70.57581,"October 22, 21",-0.01936
2021-10-21,70.9300003,70.9899979,70.6600037,70.7399979,68.9711838,7976400.0,7976400.0,-1.95882,-2.762,70.20706,"October 21, 21",-0.02762
2021-10-20,70.4899979,71.0699997,70.4300003,70.8300018,69.0589371,8829700.0,8829700.0,-1.43106,-2.03,70.18631,"October 20, 21",-0.0203
2021-10-19,70.2699966,70.4300003,69.9300003,70.4199982,68.6591797,1.02031E7,1.02031E7,-1.61082,-2.292,69.67306,"October 19, 21",-0.02292
2021-10-18,70.5,70.7200012,70.0199966,70.3899994,68.6299362,1.00433E7,1.00433E7,-1.87006,-2.653,69.78998,"October 18, 21",-0.02653
2021-10-15,71.2200012,71.25,70.6100006,70.8099976,69.0394363,1.15752E7,1.15752E7,-2.18056,-3.062,70.29981,"October 15, 21",-0.03062
2021-10-14,70.4499969,71.0899963,70.4000015,70.9800034,69.2051926,9975100.0,9975100.0,-1.2448,-1.767,70.23173,"October 14, 21",-0.01767
2021-10-13,70.1299973,70.3799973,69.5800018,70.1900024,68.4349289,9548300.0,9548300.0,-1.69507,-2.417,69.46498,"October 13, 21",-0.02417
2021-10-12,70.0899963,70.5999985,69.9100037,70.0599976,68.3081818,1.24012E7,1.24012E7,-1.78181,-2.542,69.60606,"October 12, 21",-0.02542
2021-10-11,70.1600037,70.4100037,69.9700012,70.0299988,68.2789383,8218300.0,8218300.0,-1.88107,-2.681,69.55298,"October 11, 21",-0.02681
2021-10-08,70.1800003,70.3399963,69.9199982,70.0500031,68.298439,7285700.0,7285700.0,-1.88156,-2.681,69.51948,"October 08, 21",-0.02681
2021-10-07,70.1699982,70.75,70.0800018,70.1299973,68.3764343,8396800.0,8396800.0,-1.79356,-2.556,69.73548,"October 07, 21",-0.02556
2021-10-06,68.7900009,69.8899994,68.7099991,69.8199997,68.0741806,1.49099E7,1.49099E7,-0.71582,-1.041,68.89139,"October 06, 21",-0.01041
2021-10-05,68.9700012,69.4599991,68.8199997,69.1500015,67.4209366,1.61861E7,1.61861E7,-1.54906,-2.246,68.56698,"October 05, 21",-0.02246
2021-10-04,69.0,69.4899979,68.3199997,68.8000031,67.079689,2.03516E7,2.03516E7,-1.92031,-2.783,68.29656,"October 04, 21",-0.02783
2021-10-01,69.0500031,69.3499985,68.3700027,69.0199966,67.2941895,1.58892E7,1.58892E7,-1.75581,-2.543,68.33806,"October 01, 21",-0.02543
2021-09-30,70.2699966,70.3300018,68.8099976,68.8399963,67.1186905,1.62599E7,1.62599E7,-3.15131,-4.485,68.7529,"September 30, 21",-0.04485
2021-09-29,69.6100006,70.4599991,69.4599991,70.0999985,68.3471909,1.33295E7,1.33295E7,-1.26281,-1.814,69.4224,"September 29, 21",-0.01814
2021-09-28,70.1100006,70.1900024,69.2200012,69.4700012,67.7329483,1.49829E7,1.49829E7,-2.37705,-3.39,69.04765,"September 28, 21",-0.0339
2021-09-27,70.5100021,70.8399963,70.2399979,70.3000031,68.5421906,8467100.0,8467100.0,-1.96781,-2.791,69.87406,"September 27, 21",-0.02791
2021-09-24,70.4899979,70.9300003,70.4899979,70.6200027,68.8541794,6717300.0,6717300.0,-1.63582,-2.321,70.09139,"September 24, 21",-0.02321
2021-09-23,70.4300003,70.9100037,70.3600006,70.5899963,68.8249283,8440500.0,8440500.0,-1.60507,-2.279,70.03164,"September 23, 21",-0.02279
2021-09-22,70.5899963,70.7699966,70.1900024,70.3300018,68.571434,1.00259E7,1.00259E7,-2.01856,-2.86,69.84381,"September 22, 21",-0.0286
2021-09-21,70.4100037,70.9700012,70.0,70.1299973,68.3764343,1.11404E7,1.11404E7,-2.03357,-2.888,69.78215,"September 21, 21",-0.02888
2021-09-20,70.4300003,70.8399963,69.6699982,70.2099991,68.4544373,1.78807E7,1.78807E7,-1.97556,-2.805,69.65481,"September 20, 21",-0.02805
2021-09-17,71.5599976,71.8199997,71.3499985,71.3600006,69.1447296,1.315E7,1.315E7,-2.41527,-3.375,70.77158,"September 17, 21",-0.03375
2021-09-16,71.9000015,72.1200027,71.1500015,71.75,69.5226288,9789900.0,9789900.0,-2.37737,-3.306,70.93088,"September 16, 21",-0.03306
2021-09-15,71.7300034,72.1100006,71.5599976,71.9899979,69.7551727,8824700.0,8824700.0,-1.97483,-2.753,71.14172,"September 15, 21",-0.02753
2021-09-14,72.2399979,72.2900009,71.6100006,71.7300034,69.5032501,9145500.0,9145500.0,-2.73675,-3.788,71.13442,"September 14, 21",-0.03788
2021-09-13,72.1600037,72.6800003,71.8899994,72.0599976,69.8230057,1.3798E7,1.3798E7,-2.337,-3.239,71.46434,"September 13, 21",-0.03239
2021-09-10,72.3300018,72.3600006,71.7399979,71.8799973,69.6485901,1.02699E7,1.02699E7,-2.68141,-3.707,71.24953,"September 10, 21",-0.03707
2021-09-09,72.5400009,72.5599976,72.1200027,72.1900024,69.948967,7741500.0,7741500.0,-2.59103,-3.572,71.54299,"September 09, 21",-0.03572
2021-09-08,71.9000015,72.6900024,71.8600006,72.6100006,70.3559189,1.06629E7,1.06629E7,-1.54408,-2.148,71.63531,"September 08, 21",-0.02148
2021-09-07,72.7099991,72.7099991,71.9400024,71.9899979,69.7551727,9206300.0,9206300.0,-2.95483,-4.064,71.46839,"September 07, 21",-0.04064
2021-09-03,72.6999969,72.9400024,72.4899979,72.8300018,70.5690994,6010700.0,6010700.0,-2.1309,-2.931,71.9997,"September 03, 21",-0.02931
2021-09-02,72.7900009,73.0400009,72.6600037,72.9199982,70.656311,6623300.0,6623300.0,-2.13369,-2.931,72.11877,"September 02, 21",-0.02931
2021-09-01,72.3199997,72.7099991,72.1900024,72.6399994,70.3849945,8399100.0,8399100.0,-1.93501,-2.676,71.76167,"September 01, 21",-0.02676
2021-08-31,72.1600037,72.3399963,71.9800034,72.2600021,70.0167999,8037000.0,8037000.0,-2.1432,-2.97,71.4456,"August 31, 21",-0.0297
2021-08-30,71.8000031,72.1699982,71.7300034,72.0999985,69.8617554,5645800.0,5645800.0,-1.93825,-2.7,71.25392,"August 30, 21",-0.027
2021-08-27,71.5999985,71.9100037,71.3600006,71.7799988,69.5516968,9126200.0,9126200.0,-2.0483,-2.861,70.94057,"August 27, 21",-0.02861
2021-08-26,71.7600021,71.8099976,71.2900009,71.5299988,69.3094482,1.3078E7,1.3078E7,-2.45055,-3.415,70.80315,"August 26, 21",-0.03415
2021-08-25,71.9300003,72.0299988,71.6100006,71.8600006,69.6292114,8007400.0,8007400.0,-2.30079,-3.199,71.08974,"August 25, 21",-0.03199
2021-08-24,72.4899979,72.5100021,71.8799973,71.9800034,69.7454987,8494200.0,8494200.0,-2.7445,-3.786,71.3785,"August 24, 21",-0.03786
2021-08-23,72.7699966,72.9000015,72.5,72.5299988,70.2784119,8794500.0,8794500.0,-2.49158,-3.424,71.8928,"August 23, 21",-0.03424
2021-08-20,72.6299973,73.0500031,72.3600006,72.7600021,70.5012817,1.04545E7,1.04545E7,-2.12872,-2.931,71.97043,"August 20, 21",-0.02931
2021-08-19,71.7399979,72.7900009,71.6999969,72.6399994,70.3849945,1.30356E7,1.30356E7,-1.355,-1.889,71.625,"August 19, 21",-0.01889
2021-08-18,72.8300018,72.9400024,72.0100021,72.0599976,69.8230057,1.06692E7,1.06692E7,-3.007,-4.129,71.591,"August 18, 21",-0.04129
2021-08-17,72.8000031,73.25,72.6299973,72.9700012,70.7047501,1.5666E7,1.5666E7,-2.09525,-2.878,72.19492,"August 17, 21",-0.02878
2021-08-16,72.5100021,72.9499969,72.3799973,72.9300003,70.6659927,7903100.0,7903100.0,-1.84401,-2.543,71.99866,"August 16, 21",-0.02543
2021-08-13,72.0,72.5800018,71.8899994,72.5100021,70.2590408,8808500.0,8808500.0,-1.74096,-2.418,71.57635,"August 13, 21",-0.02418
2021-08-12,71.9899979,72.0400009,71.7799988,71.9100037,69.6776657,6432100.0,6432100.0,-2.31233,-3.212,71.16589,"August 12, 21",-0.03212
2021-08-11,71.8899994,72.2399979,71.8300018,71.9499969,69.7164154,1.49927E7,1.49927E7,-2.17358,-3.023,71.26214,"August 11, 21",-0.03023
2021-08-10,71.3399963,71.7399979,71.2200012,71.7099991,69.4838715,1.12917E7,1.12917E7,-1.85612,-2.602,70.81462,"August 10, 21",-0.02602
2021-08-09,71.1699982,71.3199997,71.0100021,71.1999969,68.9897003,9054900.0,9054900.0,-2.1803,-3.064,70.4399,"August 09, 21",-0.03064
2021-08-06,71.0999985,71.2300034,70.8099976,70.9400024,68.7377777,1.34921E7,1.34921E7,-2.36222,-3.322,70.25926,"August 06, 21",-0.03322
2021-08-05,70.9700012,71.0899963,70.7699966,70.9400024,68.7377777,7063000.0,7063000.0,-2.23222,-3.145,70.19926,"August 05, 21",-0.03145
2021-08-04,71.2799988,71.4599991,70.5500031,70.5999985,68.4083252,8886500.0,8886500.0,-2.87167,-4.029,70.13944,"August 04, 21",-0.04029
2021-08-03,71.2300034,71.6600037,71.0599976,71.5299988,69.3094482,8647700.0,8647700.0,-1.92056,-2.696,70.67648,"August 03, 21",-0.02696
2021-08-02,71.5100021,71.5800018,71.1299973,71.2099991,68.9993973,1.20498E7,1.20498E7,-2.5106,-3.511,70.5698,"August 02, 21",-0.03511
2021-07-30,71.5,71.8799973,71.4000015,71.5100021,69.2900772,1.04037E7,1.04037E7,-2.20992,-3.091,70.85669,"July 30, 21",-0.03091
2021-07-29,71.3000031,71.5899963,71.2300034,71.3899994,69.1737976,8811100.0,8811100.0,-2.12621,-2.982,70.6646,"July 29, 21",-0.02982
2021-07-28,71.5,71.5899963,70.8899994,71.0400009,68.834671,9114100.0,9114100.0,-2.66533,-3.728,70.43822,"July 28, 21",-0.03728
2021-07-27,71.5,71.9800034,71.2699966,71.6699982,69.4450989,1.47207E7,1.47207E7,-2.0549,-2.874,70.89837,"July 27, 21",-0.02874
2021-07-26,71.2900009,71.6299973,71.1100006,71.5199966,69.2997665,5952200.0,5952200.0,-1.99023,-2.792,70.67992,"July 26, 21",-0.02792
2021-07-23,70.5699997,71.4899979,70.4700012,71.4000015,69.1834869,9732400.0,9732400.0,-1.38651,-1.965,70.38116,"July 23, 21",-0.01965
2021-07-22,70.4899979,70.7399979,70.0999985,70.5500031,68.3598862,9632100.0,9632100.0,-2.13011,-3.022,69.73329,"July 22, 21",-0.03022
2021-07-21,71.1800003,71.2399979,70.6500015,70.6699982,68.4761581,9366300.0,9366300.0,-2.70384,-3.799,70.12205,"July 21, 21",-0.03799
2021-07-20,70.8199997,71.5400009,70.6600037,70.8499985,68.6505661,2.04049E7,2.04049E7,-2.16943,-3.063,70.28352,"July 20, 21",-0.03063
2021-07-19,70.8000031,71.2699966,70.1999969,70.8300018,68.6311874,2.07344E7,2.07344E7,-2.16882,-3.063,70.03373,"July 19, 21",-0.03063
2021-07-16,71.0500031,71.3099976,70.9499969,71.0400009,68.834671,8634300.0,8634300.0,-2.21533,-3.118,70.36489,"July 16, 21",-0.03118
2021-07-15,70.5299988,70.9400024,70.3300018,70.9300003,68.7280807,8662500.0,8662500.0,-1.80192,-2.555,69.99936,"July 15, 21",-0.02555
2021-07-14,70.1100006,70.7399979,70.0100021,70.6399994,68.4470901,7616100.0,7616100.0,-1.66291,-2.372,69.73236,"July 14, 21",-0.02372
2021-07-13,70.0199966,70.4499969,69.8799973,70.0199966,67.8463287,1.20576E7,1.20576E7,-2.17367,-3.104,69.39211,"July 13, 21",-0.03104
2021-07-12,70.0299988,70.1399994,69.7699966,70.0400009,67.865715,7384200.0,7384200.0,-2.16428,-3.091,69.25857,"July 12, 21",-0.03091
2021-07-09,70.0199966,70.2799988,69.8799973,70.1500015,67.9723053,6286900.0,6286900.0,-2.04769,-2.924,69.37743,"July 09, 21",-0.02924
2021-07-08,69.6800003,70.0599976,69.4800034,69.75,67.5847168,9212900.0,9212900.0,-2.09528,-3.007,69.04157,"July 08, 21",-0.03007
2021-07-07,69.6200027,70.2799988,69.6100006,70.0100021,67.836647,7880500.0,7880500.0,-1.78336,-2.562,69.24222,"July 07, 21",-0.02562
2021-07-06,69.7699966,69.8000031,69.3099976,69.6399994,67.4781265,7595700.0,7595700.0,-2.29187,-3.285,68.86271,"July 06, 21",-0.03285
2021-07-02,69.9199982,70.1399994,69.8300018,69.9300003,67.7591248,2.07333E7,2.07333E7,-2.16087,-3.09,69.24304,"July 02, 21",-0.0309
2021-07-01,70.0,70.1699982,69.6500015,69.7600021,67.5944061,1.16331E7,1.16331E7,-2.40559,-3.437,69.13814,"July 01, 21",-0.03437
2021-06-30,69.5800018,70.0599976,69.5500031,69.9700012,67.7978821,8815100.0,8815100.0,-1.78212,-2.561,69.13596,"June 30, 21",-0.02561
2021-06-29,69.7799988,69.9000015,69.3199997,69.4300003,67.2746506,1.31554E7,1.31554E7,-2.50535,-3.59,68.83155,"June 29, 21",-0.0359
2021-06-28,69.7300034,69.9300003,69.5800018,69.7399979,67.5750198,7570600.0,7570600.0,-2.15498,-3.09,69.02834,"June 28, 21",-0.0309
2021-06-25,69.1900024,69.7600021,69.0699997,69.6800003,67.5168839,9241300.0,9241300.0,-1.67312,-2.418,68.7823,"June 25, 21",-0.02418
2021-06-24,68.8300018,69.2300034,68.7699966,69.1500015,67.003334,6343700.0,6343700.0,-1.82667,-2.654,68.33444,"June 24, 21",-0.02654
2021-06-23,69.1800003,69.1900024,68.8099976,68.8099976,66.6738892,7072900.0,7072900.0,-2.50611,-3.623,68.22463,"June 23, 21",-0.03623
2021-06-22,69.1500015,69.5299988,69.0400009,69.2399979,67.0905457,8351000.0,8351000.0,-2.05946,-2.978,68.55352,"June 22, 21",-0.02978
2021-06-21,68.7600021,69.2099991,68.7200012,69.1399994,66.9936447,1.42784E7,1.42784E7,-1.76636,-2.569,68.30788,"June 21, 21",-0.02569
2021-06-18,69.5599976,69.6500015,68.7799988,68.8000031,66.2339935,1.68825E7,1.68825E7,-3.326,-4.781,68.22133,"June 18, 21",-0.04781
2021-06-17,69.8000031,70.1900024,69.6100006,70.0400009,67.427742,9239700.0,9239700.0,-2.37226,-3.399,69.07592,"June 17, 21",-0.03399
2021-06-16,70.75,70.8300018,69.7699966,69.7900009,67.1870499,1.05071E7,1.05071E7,-3.56295,-5.036,69.26235,"June 16, 21",-0.05036
2021-06-15,70.9599991,71.1200027,70.6600037,70.7300034,68.0920029,5151600.0,5151600.0,-2.868,-4.042,69.95734,"June 15, 21",-0.04042
2021-06-14,70.8799973,70.9199982,70.4700012,70.9000015,68.255661,1.04494E7,1.04494E7,-2.62434,-3.703,69.88189,"June 14, 21",-0.03703
2021-06-11,71.0400009,71.0699997,70.5999985,70.9400024,68.2941742,6232300.0,6232300.0,-2.74583,-3.865,69.98806,"June 11, 21",-0.03865
2021-06-10,70.5899963,71.0800018,70.5599976,70.9000015,68.255661,8213000.0,8213000.0,-2.33434,-3.307,69.96522,"June 10, 21",-0.03307
2021-06-09,70.6699982,71.0199966,70.4400024,70.4599991,67.832077,8273800.0,8273800.0,-2.83792,-4.016,69.76403,"June 09, 21",-0.04016
2021-06-08,71.4199982,71.5100021,70.7900009,70.8000031,68.1594009,8545200.0,8545200.0,-3.2606,-4.565,70.15313,"June 08, 21",-0.04565
2021-06-07,71.5299988,71.6200027,71.0800018,71.4000015,68.7370148,7306900.0,7306900.0,-2.79298,-3.905,70.47901,"June 07, 21",-0.03905
2021-06-04,71.4800034,71.6900024,71.2900009,71.5199966,68.8525391,6078200.0,6078200.0,-2.62746,-3.676,70.61085,"June 04, 21",-0.03676
2021-06-03,70.6200027,71.3300018,70.6200027,71.2699966,68.6118546,9410000.0,9410000.0,-2.00815,-2.844,70.18729,"June 03, 21",-0.02844
2021-06-02,70.6699982,70.9599991,70.5,70.8300018,68.1882706,6411300.0,6411300.0,-2.48173,-3.512,69.88276,"June 02, 21",-0.03512
2021-06-01,71.0800018,71.2600021,70.3300018,70.5699997,67.937973,8893800.0,8893800.0,-3.14203,-4.42,69.84266,"June 01, 21",-0.0442
2021-05-28,70.7699966,71.1100006,70.7600021,70.8099976,68.1690216,8476400.0,8476400.0,-2.60098,-3.675,70.01301,"May 28, 21",-0.03675
2021-05-27,71.2200012,71.4499969,70.5899963,70.6600037,68.0246201,1.26939E7,1.26939E7,-3.19538,-4.487,70.02154,"May 27, 21",-0.04487
2021-05-26,71.2900009,71.3600006,70.9700012,71.0999985,68.448204,1.06225E7,1.06225E7,-2.8418,-3.986,70.2594,"May 26, 21",-0.03986
2021-05-25,71.2799988,71.3099976,70.8199997,71.25,68.5926132,8271800.0,8271800.0,-2.68739,-3.77,70.24087,"May 25, 21",-0.0377
2021-05-24,71.1100006,71.4800034,70.9700012,71.2300034,68.5733643,6535900.0,6535900.0,-2.53664,-3.567,70.34112,"May 24, 21",-0.03567
2021-05-21,71.1900024,71.4800034,70.8899994,71.0199966,68.3711853,7779600.0,7779600.0,-2.81882,-3.96,70.24706,"May 21, 21",-0.0396
2021-05-20,70.3700027,71.2600021,70.3300018,71.0100021,68.3615646,1.13363E7,1.13363E7,-2.00844,-2.854,69.98386,"May 20, 21",-0.02854
2021-05-19,70.25,70.4599991,69.8600006,70.3600006,67.7358017,1.37095E7,1.37095E7,-2.5142,-3.579,69.35193,"May 19, 21",-0.03579
2021-05-18,70.8899994,71.1699982,70.5500031,70.5899963,67.957222,1.11689E7,1.11689E7,-2.93278,-4.137,69.89241,"May 18, 21",-0.04137
2021-05-17,70.9499969,71.2600021,70.6600037,70.8099976,68.1690216,1.07058E7,1.07058E7,-2.78098,-3.92,70.02968,"May 17, 21",-0.0392
2021-05-14,70.8700027,71.3300018,70.8300018,70.9100037,68.2652817,9672600.0,9672600.0,-2.60472,-3.675,70.14176,"May 14, 21",-0.03675
2021-05-13,69.6100006,70.9199982,69.5299988,70.5999985,67.9668503,1.84909E7,1.84909E7,-1.64315,-2.361,69.47228,"May 13, 21",-0.02361
2021-05-12,70.4000015,70.4800034,69.6100006,69.6200027,67.023407,1.32231E7,1.32231E7,-3.37659,-4.796,69.0378,"May 12, 21",-0.04796
2021-05-11,71.2099991,71.3600006,70.2399979,70.5599976,67.9283447,1.43857E7,1.43857E7,-3.28165,-4.608,69.84278,"May 11, 21",-0.04608
2021-05-10,70.9400024,71.6399994,70.8799973,71.1800003,68.5252228,1.05584E7,1.05584E7,-2.41478,-3.404,70.34841,"May 10, 21",-0.03404
2021-05-07,70.5299988,70.8600006,70.3600006,70.6399994,68.0053635,9841800.0,9841800.0,-2.52464,-3.58,69.74179,"May 07, 21",-0.0358
2021-05-06,69.8700027,70.6600037,69.8700027,70.6399994,68.0053635,1.0192E7,1.0192E7,-1.86464,-2.669,69.51179,"May 06, 21",-0.02669
2021-05-05,69.7699966,69.8700027,69.5,69.7399979,67.1389236,8726200.0,8726200.0,-2.63107,-3.771,68.83631,"May 05, 21",-0.03771
2021-05-04,70.0,70.2699966,69.5699997,69.7900009,67.1870499,1.11473E7,1.11473E7,-2.81295,-4.018,69.00902,"May 04, 21",-0.04018
2021-05-03,69.7300034,70.4100037,69.6600037,70.1500015,67.533638,1.26715E7,1.26715E7,-2.19637,-3.15,69.20122,"May 03, 21",-0.0315
2021-04-30,69.5199966,69.6100006,69.2399979,69.5800018,66.9848862,1.07848E7,1.07848E7,-2.53511,-3.647,68.61163,"April 30, 21",-0.03647
2021-04-29,68.7600021,69.6299973,68.7600021,69.5199966,66.927124,9202600.0,9202600.0,-1.83288,-2.666,68.43904,"April 29, 21",-0.02666
2021-04-28,69.0199966,69.1800003,68.7099991,68.7900009,66.2243576,7925300.0,7925300.0,-2.79564,-4.05,68.03812,"April 28, 21",-0.0405
2021-04-27,68.75,68.8899994,68.4400024,68.7399979,66.1762238,1.00789E7,1.00789E7,-2.57378,-3.744,67.83541,"April 27, 21",-0.03744
2021-04-26,69.5299988,69.5299988,68.6900024,68.7900009,66.2243576,8750100.0,8750100.0,-3.30564,-4.754,68.14812,"April 26, 21",-0.04754
2021-04-23,69.6100006,69.7900009,69.2900009,69.5699997,66.9752655,9133800.0,9133800.0,-2.63474,-3.785,68.68509,"April 23, 21",-0.03785
2021-04-22,70.1500015,70.1900024,69.5999985,69.75,67.1485596,1.07629E7,1.07629E7,-3.00144,-4.279,68.97952,"April 22, 21",-0.04279
2021-04-21,70.0,70.4700012,70.0,70.2699966,67.6491623,1.07949E7,1.07949E7,-2.35084,-3.358,69.37305,"April 21, 21",-0.03358
2021-04-20,69.0500031,70.1399994,68.9499969,69.9199982,67.3122177,1.31688E7,1.31688E7,-1.73779,-2.517,68.80074,"April 20, 21",-0.02517
2021-04-19,69.8199997,69.9599991,69.3199997,69.5400009,66.9463882,1.08674E7,1.08674E7,-2.87361,-4.116,68.74213,"April 19, 21",-0.04116
2021-04-16,69.6999969,69.9499969,69.4300003,69.8099976,67.2063141,7810000.0,7810000.0,-2.49368,-3.578,68.8621,"April 16, 21",-0.03578
2021-04-15,69.0199966,69.5199966,69.0199966,69.4100037,66.8212357,7714900.0,7714900.0,-2.19876,-3.186,68.45374,"April 15, 21",-0.03186
2021-04-14,68.8799973,68.9599991,68.5699997,68.8600006,66.2917557,1.20875E7,1.20875E7,-2.58824,-3.758,67.94058,"April 14, 21",-0.03758
2021-04-13,68.9899979,69.1800003,68.8300018,68.9199982,66.3495026,1.19826E7,1.19826E7,-2.6405,-3.827,68.11983,"April 13, 21",-0.03827
2021-04-12,69.0100021,69.3000031,68.9199982,69.2900009,66.7057037,1.01178E7,1.01178E7,-2.3043,-3.339,68.30857,"April 12, 21",-0.03339
2021-04-09,69.0500031,69.2099991,68.5,68.9199982,66.3495026,7020400.0,7020400.0,-2.7005,-3.911,68.01983,"April 09, 21",-0.03911
2021-04-08,68.9400024,69.1800003,68.8600006,69.0400009,66.4650345,1.02447E7,1.02447E7,-2.47497,-3.59,68.16835,"April 08, 21",-0.0359
2021-04-07,69.2600021,69.3499985,68.8799973,68.9700012,66.3976517,2.07639E7,2.07639E7,-2.86235,-4.133,68.20922,"April 07, 21",-0.04133
2021-04-06,68.7300034,69.4000015,68.6800003,69.1399994,66.5613022,1.93021E7,1.93021E7,-2.1687,-3.155,68.21377,"April 06, 21",-0.03155
2021-04-05,68.2699966,69.2200012,68.1500015,68.8499985,66.2821121,2.0093E7,2.0093E7,-1.98788,-2.912,67.88404,"April 05, 21",-0.02912
2021-04-01,68.0400009,68.3300018,67.5299988,67.9800034,65.4445801,2.11918E7,2.11918E7,-2.59542,-3.815,67.10153,"April 01, 21",-0.03815
2021-03-31,68.5,68.7799988,68.1600037,68.3099976,65.7622528,1.82411E7,1.82411E7,-2.73775,-3.997,67.56742,"March 31, 21",-0.03997
2021-03-30,69.1399994,69.2099991,68.4000015,68.5299988,65.9740524,1.40427E7,1.40427E7,-3.16595,-4.579,67.86135,"March 30, 21",-0.04579
2021-03-29,68.3799973,69.3300018,68.3499985,69.2699966,66.6864548,1.18573E7,1.18573E7,-1.69354,-2.477,68.12215,"March 29, 21",-0.02477
2021-03-26,67.4700012,68.6200027,67.2799988,68.5800018,66.0221863,1.50986E7,1.50986E7,-1.44781,-2.146,67.3074,"March 26, 21",-0.02146
2021-03-25,66.8300018,67.4700012,66.5,67.3899994,64.8765869,1.4764E7,1.4764E7,-1.95341,-2.923,66.2822,"March 25, 21",-0.02923
2021-03-24,66.8399963,67.1699982,66.5800018,66.7399979,64.250824,1.5831E7,1.5831E7,-2.58917,-3.874,66.00027,"March 24, 21",-0.03874
2021-03-23,66.7099991,67.3099976,66.5299988,67.0,64.5011139,1.32163E7,1.32163E7,-2.20889,-3.311,66.1137,"March 23, 21",-0.03311
2021-03-22,65.9100037,66.7600021,65.8600006,66.7200012,64.2315674,1.44994E7,1.44994E7,-1.67844,-2.547,65.61719,"March 22, 21",-0.02547
2021-03-19,66.2200012,66.5599976,66.0599976,66.3799973,63.5605507,2.08071E7,2.08071E7,-2.65945,-4.016,65.39352,"March 19, 21",-0.04016
2021-03-18,66.25,66.5199966,65.8300018,66.1500015,63.3403244,1.44976E7,1.44976E7,-2.90968,-4.392,65.23011,"March 18, 21",-0.04392
2021-03-17,66.5500031,66.8199997,66.1900024,66.4199982,63.5988579,1.22542E7,1.22542E7,-2.95115,-4.434,65.53629,"March 17, 21",-0.04434
2021-03-16,66.3600006,66.7300034,66.3600006,66.5199966,63.694603,1.35502E7,1.35502E7,-2.6654,-4.017,65.59487,"March 16, 21",-0.04017
2021-03-15,66.3899994,66.5,66.0400009,66.4400024,63.6180077,8383700.0,8383700.0,-2.77199,-4.175,65.386,"March 15, 21",-0.04175
2021-03-12,65.8499985,66.2399979,65.8000031,66.1500015,63.3403244,1.05182E7,1.05182E7,-2.50967,-3.811,65.12678,"March 12, 21",-0.03811
2021-03-11,65.8399963,66.0400009,65.5400009,65.6100006,62.8232613,1.23865E7,1.23865E7,-3.01674,-4.582,64.80109,"March 11, 21",-0.04582
2021-03-10,64.9700012,66.0599976,64.7600021,65.7699966,62.9764633,1.58276E7,1.58276E7,-1.99354,-3.068,64.59882,"March 10, 21",-0.03068
2021-03-09,65.1999969,65.5100021,64.8700027,64.9199982,62.162571,1.72596E7,1.72596E7,-3.03743,-4.659,64.18086,"March 09, 21",-0.04659
2021-03-08,64.7200012,65.6699982,64.6100006,64.9800034,62.2200241,1.8947E7,1.8947E7,-2.49998,-3.863,64.16667,"March 08, 21",-0.03863
2021-03-05,63.5699997,64.8899994,63.3300018,64.6999969,61.9519234,2.17193E7,2.17193E7,-1.61808,-2.545,63.39064,"March 05, 21",-0.02545
2021-03-04,63.6599998,64.4300003,62.9900017,63.2999992,60.6113777,2.59687E7,2.59687E7,-3.04862,-4.789,62.67713,"March 04, 21",-0.04789
2021-03-03,63.6599998,64.0299988,63.4900017,63.5299988,60.8316116,1.34509E7,1.34509E7,-2.82839,-4.443,62.78387,"March 03, 21",-0.04443
2021-03-02,63.8699989,64.3199997,63.7999992,63.8300018,61.1188698,1.29427E7,1.29427E7,-2.75113,-4.307,63.07962,"March 02, 21",-0.04307
2021-03-01,63.75,64.4599991,63.7299995,63.9399986,61.2241974,1.12639E7,1.12639E7,-2.5258,-3.962,63.13807,"March 01, 21",-0.03962
2021-02-26,64.4700012,64.4700012,63.2799988,63.2999992,60.6113777,1.77184E7,1.77184E7,-3.85862,-5.985,62.78713,"February 26, 21",-0.05985
2021-02-25,64.9499969,65.3199997,64.1999969,64.3399963,61.6072083,1.75585E7,1.75585E7,-3.34279,-5.147,63.70907,"February 25, 21",-0.05147
2021-02-24,64.9199982,65.2600021,64.7300034,65.0500031,62.287056,9103700.0,9103700.0,-2.63294,-4.056,64.09235,"February 24, 21",-0.04056
2021-02-23,65.2099991,65.6399994,64.8600006,65.0899963,62.3253555,1.27434E7,1.27434E7,-2.88464,-4.424,64.27512,"February 23, 21",-0.04424
2021-02-22,64.7699966,65.1699982,64.6399994,65.0,62.2391739,8649600.0,8649600.0,-2.53082,-3.907,64.01639,"February 22, 21",-0.03907
2021-02-19,65.8199997,65.8300018,64.8799973,64.9400024,62.1817207,1.02461E7,1.02461E7,-3.63828,-5.528,64.29724,"February 19, 21",-0.05528
2021-02-18,65.2200012,65.9400024,65.1699982,65.7699966,62.9764633,7464900.0,7464900.0,-2.24354,-3.44,64.69549,"February 18, 21",-0.0344
2021-02-17,65.3199997,65.9400024,65.2399979,65.8099976,63.0147667,8871000.0,8871000.0,-2.30523,-3.529,64.73159,"February 17, 21",-0.03529
2021-02-16,65.8099976,65.8600006,65.3399963,65.5699997,62.7849617,9246600.0,9246600.0,-3.02504,-4.597,64.66165,"February 16, 21",-0.04597
2021-02-12,65.5299988,65.7699966,65.3600006,65.6900024,62.899868,7131800.0,7131800.0,-2.63013,-4.014,64.67662,"February 12, 21",-0.04014
2021-02-11,65.9499969,65.9700012,65.4899979,65.5899963,62.8041115,7478500.0,7478500.0,-3.14589,-4.77,64.7547,"February 11, 21",-0.0477
2021-02-10,66.2600021,66.4100037,65.7300034,65.8799973,63.0817947,6957200.0,6957200.0,-3.17821,-4.797,65.07393,"February 10, 21",-0.04797
2021-02-09,66.0199966,66.1900024,65.7699966,65.9499969,63.1488152,1.23454E7,1.23454E7,-2.87118,-4.349,65.03627,"February 09, 21",-0.04349
2021-02-08,65.9700012,66.1600037,65.5800018,66.0100021,63.2062683,9412200.0,9412200.0,-2.76373,-4.189,64.98209,"February 08, 21",-0.04189
2021-02-05,65.5500031,65.9599991,65.5199966,65.7600021,62.9668961,8889300.0,8889300.0,-2.58311,-3.941,64.81563,"February 05, 21",-0.03941
2021-02-04,64.7399979,65.1699982,64.5999985,65.1500015,62.3828011,7292400.0,7292400.0,-2.3572,-3.641,64.05093,"February 04, 21",-0.03641
2021-02-03,64.4300003,64.8300018,64.25,64.6800003,61.9327698,9542000.0,9542000.0,-2.49723,-3.876,63.67092,"February 03, 21",-0.03876
2021-02-02,64.4000015,65.0999985,64.2099991,64.5800018,61.8370171,1.32784E7,1.32784E7,-2.56298,-3.98,63.71567,"February 02, 21",-0.0398
2021-02-01,64.3600006,64.5,63.9399986,64.1500015,61.4252815,1.32833E7,1.32833E7,-2.93472,-4.56,63.28843,"February 01, 21",-0.0456
2021-01-29,65.1900024,65.2099991,64.0599976,64.0899963,61.3678207,1.93747E7,1.93747E7,-3.82218,-5.863,63.54594,"January 29, 21",-0.05863
2021-01-28,65.3199997,66.1699982,65.1299973,65.4400024,62.6604843,1.99259E7,1.99259E7,-2.65952,-4.072,64.65349,"January 28, 21",-0.04072
2021-01-27,65.9400024,66.8300018,65.0299988,65.1900024,62.4211082,1.78268E7,1.78268E7,-3.51889,-5.337,64.76037,"January 27, 21",-0.05337
2021-01-26,65.8000031,66.4400024,65.5,66.3099976,63.4935341,9304200.0,9304200.0,-2.30647,-3.505,65.14451,"January 26, 21",-0.03505
2021-01-25,64.8700027,65.9400024,64.8399963,65.7200012,62.9285927,1.74861E7,1.74861E7,-1.94141,-2.993,64.56953,"January 25, 21",-0.02993
2021-01-22,65.1900024,65.4700012,64.9199982,65.0699997,62.3062019,8329300.0,8329300.0,-2.8838,-4.424,64.23207,"January 22, 21",-0.04424
2021-01-21,65.3600006,65.4100037,65.1299973,65.2399979,62.4689827,8461200.0,8461200.0,-2.89102,-4.423,64.33633,"January 21, 21",-0.04423
2021-01-20,65.3199997,65.6200027,64.8799973,65.4599991,62.6796341,1.07006E7,1.07006E7,-2.64037,-4.042,64.39321,"January 20, 21",-0.04042
2021-01-19,65.8499985,65.9800034,65.2900009,65.3399963,62.564724,8130800.0,8130800.0,-3.28527,-4.989,64.61158,"January 19, 21",-0.04989
2021-01-15,65.6200027,65.9199982,65.3600006,65.6299973,62.842411,1.32603E7,1.32603E7,-2.77759,-4.233,64.70747,"January 15, 21",-0.04233
2021-01-14,66.2699966,66.3000031,65.7799988,65.8600006,63.0626488,1.1549E7,1.1549E7,-3.20735,-4.84,65.04755,"January 14, 21",-0.0484
2021-01-13,66.0400009,66.4599991,66.0100021,66.2099991,63.3977737,8337500.0,8337500.0,-2.64223,-4.001,65.28926,"January 13, 21",-0.04001
2021-01-12,66.3300018,66.4800034,65.8300018,66.1100006,63.3020248,1.10895E7,1.10895E7,-3.02798,-4.565,65.20401,"January 12, 21",-0.04565
2021-01-11,66.5299988,66.9700012,66.2200012,66.3300018,63.5126915,9648700.0,9648700.0,-3.01731,-4.535,65.56756,"January 11, 21",-0.04535
2021-01-08,66.6200027,66.9599991,66.25,66.9000015,64.0584793,1.79608E7,1.79608E7,-2.56152,-3.845,65.75616,"January 08, 21",-0.03845
2021-01-07,66.8199997,66.9800034,66.3000031,66.5699997,63.742485,1.39635E7,1.39635E7,-3.07751,-4.606,65.67416,"January 07, 21",-0.04606
2021-01-06,66.5899963,67.0999985,66.4800034,66.7699966,63.9339943,1.42066E7,1.42066E7,-2.656,-3.989,65.838,"January 06, 21",-0.03989
2021-01-05,66.6200027,66.8600006,66.0999985,66.7200012,63.8861122,1.08719E7,1.08719E7,-2.73389,-4.104,65.61537,"January 05, 21",-0.04104
2021-01-04,67.4199982,67.4400024,65.9199982,66.7200012,63.8861122,1.29926E7,1.29926E7,-3.53389,-5.242,65.7487,"January 04, 21",-0.05242
2020-12-31,67.0500031,67.5500031,66.7200012,67.4499969,64.5851135,6062200.0,6062200.0,-2.46489,-3.676,66.28504,"December 31, 20",-0.03676
2020-12-30,67.1299973,67.2099991,66.9000015,66.9800034,64.1350708,7359900.0,7359900.0,-2.99493,-4.461,66.08169,"December 30, 20",-0.04461
2020-12-29,67.4199982,67.6100006,66.8799973,67.0500031,64.2021103,4993600.0,4993600.0,-3.21789,-4.773,66.2307,"December 29, 20",-0.04773
2020-12-28,66.9700012,67.4499969,66.9000015,67.25,64.3936081,6315400.0,6315400.0,-2.57639,-3.847,66.24787,"December 28, 20",-0.03847
2020-12-24,66.4400024,66.7600021,66.2799988,66.7200012,63.8861122,1954900.0,1954900.0,-2.55389,-3.844,65.64204,"December 24, 20",-0.03844
2020-12-23,66.3700027,66.6500015,66.2399979,66.3899994,63.570137,4302600.0,4302600.0,-2.79987,-4.219,65.48671,"December 23, 20",-0.04219
2020-12-22,66.6100006,66.6100006,66.0599976,66.1699982,63.3594742,9107900.0,9107900.0,-3.25053,-4.88,65.34316,"December 22, 20",-0.0488
2020-12-21,66.6200027,66.7699966,65.9400024,66.6399994,63.8095131,8255600.0,8255600.0,-2.81049,-4.219,65.5065,"December 21, 20",-0.04219
2020-12-18,67.8799973,68.0800018,67.4100037,67.9300003,64.5046768,6980500.0,6980500.0,-3.37532,-4.972,66.66489,"December 18, 20",-0.04972
2020-12-17,67.5899963,67.8600006,67.5699997,67.7799988,64.3622284,4673300.0,4673300.0,-3.22777,-4.776,66.59741,"December 17, 20",-0.04776
2020-12-16,67.2699966,67.6699982,67.1100006,67.3499985,63.9539299,1.05055E7,1.05055E7,-3.31607,-4.929,66.24464,"December 16, 20",-0.04929
2020-12-15,67.3499985,67.5500031,67.1399994,67.2200012,63.8304749,6121300.0,6121300.0,-3.51952,-5.226,66.17349,"December 15, 20",-0.05226
2020-12-14,67.6500015,67.9100037,67.0400009,67.0599976,63.6785393,6663200.0,6663200.0,-3.97146,-5.871,66.20951,"December 14, 20",-0.05871
2020-12-11,66.9100037,67.5100021,66.8899994,67.3199997,63.9254341,5000800.0,5000800.0,-2.98457,-4.461,66.10848,"December 11, 20",-0.04461
2020-12-10,67.4499969,67.6200027,67.0,67.1699982,63.7829895,5723400.0,5723400.0,-3.66701,-5.437,66.13433,"December 10, 20",-0.05437
2020-12-09,67.8399963,67.8700027,67.2900009,67.4700012,64.0678635,1.04201E7,1.04201E7,-3.77213,-5.56,66.40929,"December 09, 20",-0.0556
2020-12-08,67.1299973,67.8799973,66.9899979,67.7399979,64.3242645,7090900.0,7090900.0,-2.80573,-4.18,66.39809,"December 08, 20",-0.0418
2020-12-07,67.5,67.6100006,67.0500031,67.3700027,63.9729156,9466300.0,9466300.0,-3.52708,-5.225,66.21097,"December 07, 20",-0.05225
2020-12-04,67.1699982,67.6399994,67.0899963,67.6299973,64.2198029,1.10558E7,1.10558E7,-2.9502,-4.392,66.3166,"December 04, 20",-0.04392
2020-12-03,66.7699966,67.2300034,66.7600021,67.1100006,63.7260323,1.09514E7,1.09514E7,-3.04396,-4.559,65.90535,"December 03, 20",-0.04559
2020-12-02,67.2699966,67.5899963,66.7200012,66.9400024,63.5646057,1.13921E7,1.13921E7,-3.70539,-5.508,65.9582,"December 02, 20",-0.05508
2020-12-01,67.2099991,67.5699997,67.0800018,67.5,64.0963669,1.21262E7,1.21262E7,-3.11363,-4.633,66.24879,"December 01, 20",-0.04633
2020-11-30,66.75,66.9800034,66.2300034,66.9100037,63.5361176,1.15819E7,1.15819E7,-3.21388,-4.815,65.58204,"November 30, 20",-0.04815
2020-11-27,67.0999985,67.0999985,66.7200012,66.9199982,63.5456085,3228600.0,3228600.0,-3.55439,-5.297,65.78854,"November 27, 20",-0.05297
2020-11-25,66.9400024,67.1999969,66.8399963,66.9300003,63.5551071,5245400.0,5245400.0,-3.3849,-5.057,65.86503,"November 25, 20",-0.05057
2020-11-24,66.9199982,67.1999969,66.7699966,66.9700012,63.5930824,6064900.0,6064900.0,-3.32692,-4.971,65.85436,"November 24, 20",-0.04971
2020-11-23,66.6200027,66.7200012,66.1100006,66.5199966,63.1657639,5825300.0,5825300.0,-3.45424,-5.185,65.33192,"November 23, 20",-0.05185
2020-11-20,66.8199997,67.1100006,66.4400024,66.5,63.1467857,4663400.0,4663400.0,-3.67321,-5.497,65.5656,"November 20, 20",-0.05497
2020-11-19,66.5599976,67.0199966,66.4000015,66.9199982,63.5456085,8830200.0,8830200.0,-3.01439,-4.529,65.6552,"November 19, 20",-0.04529
2020-11-18,67.7699966,68.0100021,66.7300034,66.7399979,63.3746834,7607700.0,7607700.0,-4.39531,-6.486,66.03823,"November 18, 20",-0.06486
2020-11-17,67.6399994,68.0699997,67.4700012,67.6699982,64.2577896,8147900.0,8147900.0,-3.38221,-5.0,66.59926,"November 17, 20",-0.05
2020-11-16,68.1500015,68.1800003,67.6299973,68.1500015,64.7135849,1.29559E7,1.29559E7,-3.43642,-5.042,66.84119,"November 16, 20",-0.05042
2020-11-13,66.8600006,67.6200027,66.6600037,67.5299988,64.124855,6167300.0,6167300.0,-2.73515,-4.091,66.13495,"November 13, 20",-0.04091
2020-11-12,66.6100006,66.7900009,66.0500031,66.6100006,63.2512436,8945500.0,8945500.0,-3.35876,-5.042,65.36375,"November 12, 20",-0.05042
2020-11-11,66.5999985,67.0800018,66.1500015,66.7900009,63.4221573,1.03821E7,1.03821E7,-3.17784,-4.772,65.55072,"November 11, 20",-0.04772
2020-11-10,64.9300003,66.4000015,64.8799973,66.2200012,62.8809052,1.51343E7,1.51343E7,-2.0491,-3.156,64.7203,"November 10, 20",-0.03156
2020-11-09,66.6399994,67.2799988,64.8499985,64.9400024,61.6654434,1.51426E7,1.51426E7,-4.97456,-7.465,64.59848,"November 09, 20",-0.07465
2020-11-06,64.8899994,65.4199982,64.8099976,65.0899963,61.807888,1.27036E7,1.27036E7,-3.08211,-4.75,64.01263,"November 06, 20",-0.0475
2020-11-05,65.0699997,65.4000015,64.6100006,64.7900009,61.5230103,1.39195E7,1.39195E7,-3.54699,-5.451,63.84434,"November 05, 20",-0.05451
2020-11-04,64.6500015,65.4100037,64.2399979,64.3199997,61.0767097,2.56058E7,2.56058E7,-3.57329,-5.527,63.57557,"November 04, 20",-0.05527
2020-11-03,63.8899994,64.8799973,63.8100014,64.2900009,61.0482292,2.05788E7,2.05788E7,-2.84177,-4.448,63.24608,"November 03, 20",-0.04448
2020-11-02,63.1500015,63.5400009,62.7599983,63.25,60.0606651,1.09351E7,1.09351E7,-3.08934,-4.892,62.12022,"November 02, 20",-0.04892
2020-10-30,62.2400017,62.5400009,61.4900017,62.2599983,59.1205826,1.00932E7,1.00932E7,-3.11942,-5.012,61.0502,"October 30, 20",-0.05012
2020-10-29,62.3400002,63.0999985,61.7200012,62.4799995,59.3294907,8942700.0,8942700.0,-3.01051,-4.829,61.38316,"October 29, 20",-0.04829
2020-10-28,63.4599991,63.7900009,62.4300003,62.5,59.3484802,1.09806E7,1.09806E7,-4.11152,-6.479,61.85616,"October 28, 20",-0.06479
2020-10-27,64.5899963,64.9400024,64.3499985,64.3799973,61.1336823,5331400.0,5331400.0,-3.45631,-5.351,63.47456,"October 27, 20",-0.05351
2020-10-26,64.8899994,65.0199966,63.9799995,64.5500031,61.2951126,9352300.0,9352300.0,-3.59489,-5.54,63.4317,"October 26, 20",-0.0554
2020-10-23,65.5,65.6500015,65.1900024,65.3899994,62.0927505,5094100.0,5094100.0,-3.40725,-5.202,64.31092,"October 23, 20",-0.05202
2020-10-22,65.3099976,65.4899979,64.9599991,65.2699966,61.9788055,7779700.0,7779700.0,-3.33119,-5.101,64.14293,"October 22, 20",-0.05101
2020-10-21,65.1699982,65.6699982,65.1399994,65.3000031,62.0072975,7013900.0,7013900.0,-3.1627,-4.853,64.27243,"October 21, 20",-0.04853
2020-10-20,65.9499969,66.0800018,65.1100006,65.2399979,61.9503174,7660200.0,7660200.0,-3.99968,-6.065,64.38011,"October 20, 20",-0.06065
2020-10-19,66.1699982,66.4499969,65.1299973,65.3099976,62.0167923,7733900.0,7733900.0,-4.15321,-6.277,64.53226,"October 19, 20",-0.06277
2020-10-16,66.3499985,66.7099991,66.1500015,66.1699982,62.8334198,6701200.0,6701200.0,-3.51658,-5.3,65.23114,"October 16, 20",-0.053
2020-10-15,65.6299973,66.3300018,65.5699997,66.1500015,62.8144302,6650000.0,6650000.0,-2.81557,-4.29,64.90481,"October 15, 20",-0.0429
2020-10-14,66.4400024,66.7099991,65.8399963,66.1100006,62.7764473,6566200.0,6566200.0,-3.66356,-5.514,65.10881,"October 14, 20",-0.05514
2020-10-13,66.3000031,66.6500015,66.1399994,66.4499969,63.0993042,7505700.0,7505700.0,-3.2007,-4.828,65.29644,"October 13, 20",-0.04828
2020-10-12,66.0199966,66.8499985,65.9800034,66.5,63.1467857,8685600.0,8685600.0,-2.87321,-4.352,65.3256,"October 12, 20",-0.04352
2020-10-09,65.4899979,66.0299988,65.4100037,65.7399979,62.4250984,7894700.0,7894700.0,-3.0649,-4.68,64.6217,"October 09, 20",-0.0468
2020-10-08,65.0899963,65.2900009,64.8199997,65.2300034,61.9408264,6659000.0,6659000.0,-3.14917,-4.838,64.01694,"October 08, 20",-0.04838
2020-10-07,64.4800034,65.0699997,64.3499985,64.8000031,61.532505,8073100.0,8073100.0,-2.9475,-4.571,63.65083,"October 07, 20",-0.04571
2020-10-06,64.6800003,64.9300003,63.9199982,64.1100006,60.8772964,6552800.0,6552800.0,-3.8027,-5.879,63.24243,"October 06, 20",-0.05879
2020-10-05,64.25,64.6100006,64.1500015,64.5299988,61.2761154,4501200.0,4501200.0,-2.97388,-4.629,63.34537,"October 05, 20",-0.04629
2020-10-02,63.8199997,64.3899994,63.6100006,64.0999985,60.8678017,7463000.0,7463000.0,-2.9522,-4.626,62.95593,"October 02, 20",-0.04626
2020-10-01,64.4700012,64.6100006,63.9099998,64.4599991,61.2096519,9262900.0,9262900.0,-3.26035,-5.057,63.24322,"October 01, 20",-0.05057
2020-09-30,63.5900002,64.5,63.5600014,64.0999985,60.8678017,8284100.0,8284100.0,-2.7222,-4.281,62.97593,"September 30, 20",-0.04281
2020-09-29,63.7799988,63.9300003,63.2099991,63.3300018,60.1366272,8150400.0,8150400.0,-3.64337,-5.712,62.42554,"September 29, 20",-0.05712
2020-09-28,63.5600014,64.1100006,63.5299988,63.75,60.53545,6077600.0,6077600.0,-3.02455,-4.759,62.72515,"September 28, 20",-0.04759
2020-09-25,62.3899994,63.1100006,62.25,63.0400009,59.8612518,7432100.0,7432100.0,-2.52875,-4.053,61.74042,"September 25, 20",-0.04053
2020-09-24,62.25,63.0400009,61.8300018,62.7099991,59.5478897,9141700.0,9141700.0,-2.70211,-4.341,61.47263,"September 24, 20",-0.04341
2020-09-23,63.4000015,63.5600014,62.1800003,62.25,59.1110878,7015900.0,7015900.0,-4.28891,-6.765,61.61703,"September 23, 20",-0.06765
2020-09-22,62.8699989,63.5099983,62.8100014,63.2000008,60.0131874,7148600.0,7148600.0,-2.85681,-4.544,62.11106,"September 22, 20",-0.04544
2020-09-21,62.8800011,63.0699997,62.1100006,62.8300018,59.6618423,1.13262E7,1.13262E7,-3.21816,-5.118,61.61395,"September 21, 20",-0.05118
2020-09-18,64.3799973,64.4700012,63.25,63.6899986,60.120491,9988900.0,9988900.0,-4.25951,-6.616,62.6135,"September 18, 20",-0.06616
2020-09-17,64.1500015,64.6200027,63.8199997,64.2799988,60.6774178,1.01087E7,1.01087E7,-3.47258,-5.413,63.03914,"September 17, 20",-0.05413
2020-09-16,65.2600021,65.4300003,64.6299973,64.6900024,61.0644455,7270700.0,7270700.0,-4.19556,-6.429,63.70815,"September 16, 20",-0.06429
2020-09-15,65.2300034,65.4599991,64.8899994,64.9800034,61.338192,5672900.0,5672900.0,-3.89181,-5.966,63.89606,"September 15, 20",-0.05966
2020-09-14,64.9700012,65.3700027,64.7799988,65.0699997,61.4231453,6397000.0,6397000.0,-3.54686,-5.459,63.85772,"September 14, 20",-0.05459
2020-09-11,64.4899979,64.9599991,64.1900024,64.6500015,61.0266838,1.02125E7,1.02125E7,-3.46331,-5.37,63.39223,"September 11, 20",-0.0537
2020-09-10,65.0899963,65.2699966,64.1500015,64.2900009,60.6868668,1.10606E7,1.10606E7,-4.40313,-6.765,63.36895,"September 10, 20",-0.06765
2020-09-09,64.5299988,65.7200012,64.4100037,65.0899963,61.4420319,1.28485E7,1.28485E7,-3.08797,-4.785,63.85735,"September 09, 20",-0.04785
2020-09-08,65.3799973,65.5100021,63.8899994,64.1600037,60.5641441,1.63166E7,1.63166E7,-4.81585,-7.366,63.32138,"September 08, 20",-0.07366
2020-09-04,65.8799973,66.1500015,64.7300034,65.5400009,61.8667984,1.56048E7,1.56048E7,-4.0132,-6.092,64.24893,"September 04, 20",-0.06092
2020-09-03,67.0,67.6100006,65.2099991,65.6900024,62.0083961,2.63044E7,2.63044E7,-4.9916,-7.45,64.9428,"September 03, 20",-0.0745
2020-09-02,65.9499969,67.1100006,65.8499985,66.8399963,63.0939369,1.11746E7,1.11746E7,-2.85606,-4.331,65.35131,"September 02, 20",-0.04331
2020-09-01,65.5699997,65.6800003,65.1299973,65.6500015,61.9706459,9723000.0,9723000.0,-3.59935,-5.489,64.26021,"September 01, 20",-0.05489
2020-08-31,65.5299988,65.7699966,65.3199997,65.5800018,61.9045601,7661200.0,7661200.0,-3.62544,-5.532,64.33152,"August 31, 20",-0.05532
2020-08-28,65.5,65.8099976,64.8799973,65.7699966,62.0839081,6868200.0,6868200.0,-3.41609,-5.215,64.25797,"August 28, 20",-0.05215
2020-08-27,64.9100037,65.5,64.9000015,65.1900024,61.5364227,8711200.0,8711200.0,-3.37358,-5.197,63.97881,"August 27, 20",-0.05197
2020-08-26,64.5800018,64.8799973,64.2799988,64.7900009,61.1588364,5375300.0,5375300.0,-3.42117,-5.298,63.43961,"August 26, 20",-0.05298
2020-08-25,65.0,65.0500031,64.4300003,64.7099991,61.0833282,4517100.0,4517100.0,-3.91667,-6.026,63.52111,"August 25, 20",-0.06026
2020-08-24,64.4100037,64.8499985,64.2099991,64.8499985,61.2154808,6978500.0,6978500.0,-3.19452,-4.96,63.42516,"August 24, 20",-0.0496
2020-08-21,64.0599976,64.3899994,63.8699989,64.3000031,60.6963043,5713900.0,5713900.0,-3.36369,-5.251,62.98543,"August 21, 20",-0.05251
2020-08-20,63.9000015,64.2200012,63.7900009,64.1399994,60.5452728,1.01786E7,1.01786E7,-3.35473,-5.25,62.85176,"August 20, 20",-0.0525
2020-08-19,64.6900024,64.7799988,64.1600037,64.2699966,60.6679764,5871600.0,5871600.0,-4.02203,-6.217,63.20266,"August 19, 20",-0.06217
2020-08-18,64.6200027,64.9599991,64.3300018,64.7799988,61.1494026,4927300.0,4927300.0,-3.4706,-5.371,63.4798,"August 18, 20",-0.05371
2020-08-17,64.3099976,64.7300034,64.1900024,64.5199966,60.903965,5172900.0,5172900.0,-3.40603,-5.296,63.27466,"August 17, 20",-0.05296
2020-08-14,64.0999985,64.3700027,63.9199982,64.1600037,60.5641441,3776300.0,3776300.0,-3.53585,-5.516,62.95138,"August 14, 20",-0.05516
2020-08-13,64.0800018,64.3600006,63.9900017,64.1699982,60.5735855,5857100.0,5857100.0,-3.50642,-5.472,62.97453,"August 13, 20",-0.05472
2020-08-12,63.6599998,64.5,63.6599998,64.2200012,60.6207886,8021600.0,8021600.0,-3.03921,-4.774,62.92693,"August 12, 20",-0.04774
2020-08-11,64.1399994,64.3000031,63.2200012,63.4000015,59.8467407,8633500.0,8633500.0,-4.29326,-6.694,62.45558,"August 11, 20",-0.06694
2020-08-10,63.5800018,63.9700012,63.4399986,63.8400002,60.2620811,4345600.0,4345600.0,-3.31792,-5.218,62.55736,"August 10, 20",-0.05218
2020-08-07,63.0699997,63.5699997,63.0,63.5099983,59.9505692,9175700.0,9175700.0,-3.11943,-4.946,62.17352,"August 07, 20",-0.04946
2020-08-06,63.0299988,63.2900009,62.9199982,63.1699982,59.6296272,1.19837E7,1.19837E7,-3.40037,-5.395,61.94654,"August 06, 20",-0.05395
2020-08-05,63.4099998,63.5400009,63.0,63.1800003,59.6390724,7143600.0,7143600.0,-3.77093,-5.947,62.05969,"August 05, 20",-0.05947
2020-08-04,62.4399986,63.3300018,62.3300018,63.3100014,59.7617836,7417400.0,7417400.0,-2.67822,-4.289,61.80726,"August 04, 20",-0.04289
2020-08-03,62.7299995,62.7599983,62.2200012,62.5299988,59.0254974,8614400.0,8614400.0,-3.7045,-5.905,61.33517,"August 03, 20",-0.05905
2020-07-31,62.5099983,62.7099991,61.9199982,62.7000008,59.1859779,1.02772E7,1.02772E7,-3.32402,-5.318,61.27199,"July 31, 20",-0.05318
2020-07-30,62.6100006,62.9799995,62.3199997,62.7599983,59.2426109,1.09013E7,1.09013E7,-3.36739,-5.378,61.5142,"July 30, 20",-0.05378
2020-07-29,62.6500015,62.9599991,62.4900017,62.7599983,59.2426109,7486400.0,7486400.0,-3.40739,-5.439,61.5642,"July 29, 20",-0.05439
2020-07-28,62.4199982,62.9799995,62.3899994,62.6699982,59.15765,6699300.0,6699300.0,-3.26235,-5.226,61.50922,"July 28, 20",-0.05226
2020-07-27,62.0699997,62.4500008,61.9399986,62.4399986,58.9405441,6801900.0,6801900.0,-3.12946,-5.042,61.11018,"July 27, 20",-0.05042
2020-07-24,62.3100014,62.8300018,61.8300018,62.1300011,58.6479225,6809200.0,6809200.0,-3.66208,-5.877,61.10264,"July 24, 20",-0.05877
2020-07-23,62.2000008,62.4599991,62.0,62.2099991,58.7234344,9468000.0,9468000.0,-3.47657,-5.589,61.06114,"July 23, 20",-0.05589
2020-07-22,61.6899986,62.0800018,61.0600014,61.9900017,58.5157738,7022700.0,7022700.0,-3.17422,-5.145,60.55193,"July 22, 20",-0.05145
2020-07-21,61.4000015,62.1599998,61.3300018,61.5,58.0532265,7847300.0,7847300.0,-3.34678,-5.451,60.51441,"July 21, 20",-0.05451
2020-07-20,61.4599991,61.4900017,60.7799988,60.9700012,57.5529327,6818600.0,6818600.0,-3.90707,-6.357,59.94098,"July 20, 20",-0.06357
2020-07-17,61.5400009,61.6899986,61.3300018,61.5900002,58.1381874,6321700.0,6321700.0,-3.40181,-5.528,60.38606,"July 17, 20",-0.05528
2020-07-16,61.0999985,61.3800011,60.9799995,61.2599983,57.8266754,7770200.0,7770200.0,-3.27332,-5.357,60.06223,"July 16, 20",-0.05357
2020-07-15,61.3899994,61.8600006,60.9399986,61.1300011,57.7039642,1.49527E7,1.49527E7,-3.68604,-6.004,60.16799,"July 15, 20",-0.06004
2020-07-14,60.0299988,61.2299995,59.9099998,61.0800018,57.6567688,1.42701E7,1.42701E7,-2.37323,-3.953,59.59892,"July 14, 20",-0.03953
2020-07-13,60.5800018,61.0,59.9700012,60.2000008,56.8260765,1.09062E7,1.09062E7,-3.75393,-6.197,59.26536,"July 13, 20",-0.06197
2020-07-10,59.2700005,60.4099998,59.2599983,60.2900009,56.9110451,1.41428E7,1.41428E7,-2.35896,-3.98,58.86035,"July 10, 20",-0.0398
2020-07-09,59.5900002,59.75,58.8600006,59.2000008,55.8821297,7672500.0,7672500.0,-3.70787,-6.222,58.16404,"July 09, 20",-0.06222
2020-07-08,59.9500008,59.9900017,59.4199982,59.6699982,56.3257866,9328000.0,9328000.0,-3.62421,-6.045,58.5786,"July 08, 20",-0.06045
2020-07-07,58.9599991,60.1500015,58.9199982,59.8199997,56.4673805,8161000.0,8161000.0,-2.49262,-4.228,58.51246,"July 07, 20",-0.04228
2020-07-06,59.4399986,59.5800018,58.9500008,59.2799988,55.9576416,1.00913E7,1.00913E7,-3.48236,-5.859,58.16255,"July 06, 20",-0.05859
2020-07-02,59.1800003,59.5699997,58.8699989,58.9900017,55.6838989,6857200.0,6857200.0,-3.4961,-5.908,58.0413,"July 02, 20",-0.05908
2020-07-01,58.75,59.0600014,58.6599998,58.6899986,55.4007149,7261600.0,7261600.0,-3.34929,-5.701,57.70691,"July 01, 20",-0.05701
2020-06-30,58.2200012,58.8600006,58.1300011,58.6399994,55.3535118,7379800.0,7379800.0,-2.86649,-4.924,57.44784,"June 30, 20",-0.04924
2020-06-29,57.5,58.3199997,57.4500008,58.2099991,54.9476166,9654200.0,9654200.0,-2.55238,-4.439,56.90587,"June 29, 20",-0.04439
2020-06-26,58.2999992,58.4599991,57.0800018,57.1300011,53.9281464,1.44765E7,1.44765E7,-4.37185,-7.499,56.48938,"June 26, 20",-0.07499
2020-06-25,57.8800011,58.3899994,57.5200005,58.3199997,55.0514565,1.21289E7,1.21289E7,-2.82854,-4.887,56.98715,"June 25, 20",-0.04887
2020-06-24,58.5999985,58.5999985,57.7000008,57.9099998,54.6644287,1.43432E7,1.43432E7,-3.93557,-6.716,56.98814,"June 24, 20",-0.06716
2020-06-23,59.3800011,59.5900002,58.8400002,58.9000015,55.5989456,7951000.0,7951000.0,-3.78106,-6.368,58.00965,"June 23, 20",-0.06368
2020-06-22,59.0999985,59.2200012,58.7799988,58.9900017,55.6838989,9039600.0,9039600.0,-3.4161,-5.78,57.89463,"June 22, 20",-0.0578
2020-06-19,60.4799995,60.6699982,59.5299988,59.6199989,55.8434258,1.07772E7,1.07772E7,-4.63657,-7.666,58.68114,"June 19, 20",-0.07666
2020-06-18,59.3499985,59.9900017,59.2700005,59.9300003,56.1337891,6022600.0,6022600.0,-3.21621,-5.419,58.4646,"June 18, 20",-0.05419
2020-06-17,59.8199997,60.0699997,59.4399986,59.6199989,55.8434258,8388400.0,8388400.0,-3.97657,-6.648,58.45114,"June 17, 20",-0.06648
2020-06-16,59.9500008,60.0200005,58.9399986,59.7099991,55.9277191,1.08403E7,1.08403E7,-4.02228,-6.709,58.29591,"June 16, 20",-0.06709
2020-06-15,57.5800018,58.8699989,57.1899986,58.7900009,55.0660019,1.13667E7,1.13667E7,-2.514,-4.366,57.042,"June 15, 20",-0.04366
2020-06-12,58.9099998,58.9199982,57.6199989,58.1199989,54.4384422,1.78375E7,1.78375E7,-4.47156,-7.59,56.99281,"June 12, 20",-0.0759
2020-06-11,59.75,60.1199989,58.0400009,58.1100006,54.4290771,1.47385E7,1.47385E7,-5.32092,-8.905,57.52969,"June 11, 20",-0.08905
2020-06-10,60.7099991,60.8800011,60.2799988,60.4000015,56.5740128,9877800.0,9877800.0,-4.13599,-6.813,59.24467,"June 10, 20",-0.06813
2020-06-09,60.8400002,60.9300003,60.2000008,60.5699997,56.7332535,1.37354E7,1.37354E7,-4.10675,-6.75,59.28775,"June 09, 20",-0.0675
2020-06-08,60.4300003,61.0999985,60.2200012,61.0699997,57.20158,1.30942E7,1.30942E7,-3.22842,-5.342,59.50719,"June 08, 20",-0.05342
2020-06-05,60.0299988,60.7299995,59.8600006,60.4199982,56.5927467,1.15022E7,1.15022E7,-3.43725,-5.726,59.06092,"June 05, 20",-0.05726
2020-06-04,59.7599983,60.0699997,59.2700005,59.5900002,55.8153305,8973800.0,8973800.0,-3.94467,-6.601,58.38511,"June 04, 20",-0.06601
2020-06-03,60.0600014,60.1599998,59.8600006,59.8800011,56.0869598,1.01553E7,1.01553E7,-3.97304,-6.615,58.70232,"June 03, 20",-0.06615
2020-06-02,59.7400017,59.8300018,59.3400002,59.7999992,56.0120201,9837900.0,9837900.0,-3.72798,-6.24,58.39401,"June 02, 20",-0.0624
2020-06-01,59.2599983,59.8600006,59.2299995,59.6399994,55.8621597,9101400.0,9101400.0,-3.39784,-5.734,58.31739,"June 01, 20",-0.05734
2020-05-29,58.9900017,59.4199982,58.4599991,59.2299995,55.4781342,1.28909E7,1.28909E7,-3.51187,-5.953,57.78604,"May 29, 20",-0.05953
2020-05-28,59.0999985,59.5,58.8499985,59.1699982,55.4219246,1.01843E7,1.01843E7,-3.67807,-6.223,57.92397,"May 28, 20",-0.06223
2020-05-27,58.2400017,58.7000008,57.9099998,58.6500015,54.9348717,1.09378E7,1.09378E7,-3.30513,-5.675,57.18162,"May 27, 20",-0.05675
2020-05-26,58.2799988,58.3800011,57.6699982,57.7799988,54.119976,1.04872E7,1.04872E7,-4.16002,-7.138,56.72333,"May 26, 20",-0.07138
2020-05-22,57.2900009,57.5200005,57.1599998,57.4700012,53.8296204,7216300.0,7216300.0,-3.46038,-6.04,56.16987,"May 22, 20",-0.0604
2020-05-21,57.8199997,57.8300018,57.1500015,57.2700005,53.6422882,1.39139E7,1.39139E7,-4.17771,-7.225,56.20743,"May 21, 20",-0.07225
2020-05-20,57.7099991,57.9399986,57.3600006,57.9099998,54.2417488,8519600.0,8519600.0,-3.46825,-6.01,56.51392,"May 20, 20",-0.0601
2020-05-19,58.3800011,58.4099998,57.2299995,57.2299995,53.6048279,1.53131E7,1.53131E7,-4.77517,-8.179,56.41494,"May 19, 20",-0.08179
2020-05-18,58.2999992,58.5999985,57.8800011,58.2999992,54.6070366,1.52136E7,1.52136E7,-3.69296,-6.334,57.02901,"May 18, 20",-0.06334
2020-05-15,56.8800011,57.5600014,56.6800003,57.3899994,53.7546806,2.08479E7,2.08479E7,-3.12532,-5.495,55.99823,"May 15, 20",-0.05495
2020-05-14,56.75,57.0400009,55.9900017,56.8899994,53.2863541,1.17935E7,1.17935E7,-3.46365,-6.103,55.43879,"May 14, 20",-0.06103
2020-05-13,57.5,57.8199997,56.6899986,57.0299988,53.4174919,1.21868E7,1.21868E7,-4.08251,-7.1,55.97583,"May 13, 20",-0.071
2020-05-12,58.2299995,58.5499992,57.5499992,57.5499992,53.9045486,2.05873E7,2.05873E7,-4.32545,-7.428,56.66818,"May 12, 20",-0.07428
2020-05-11,57.8600006,58.4900017,57.7999992,58.0400009,54.3635139,8807200.0,8807200.0,-3.49649,-6.043,56.8845,"May 11, 20",-0.06043
2020-05-08,57.4199982,58.2400017,57.3899994,58.1199989,54.4384422,1.3405E7,1.3405E7,-2.98156,-5.193,56.68948,"May 08, 20",-0.05193
2020-05-07,57.4500008,57.5299988,56.7299995,56.8499985,53.2488861,1.12036E7,1.12036E7,-4.20111,-7.313,55.83629,"May 07, 20",-0.07313
2020-05-06,57.7400017,57.9000015,56.9599991,57.0099983,53.3987541,1.07001E7,1.07001E7,-4.34125,-7.519,56.08625,"May 06, 20",-0.07519
2020-05-05,57.8199997,58.2599983,57.5699997,57.6399994,53.9888458,9705200.0,9705200.0,-3.83115,-6.626,56.60628,"May 05, 20",-0.06626
2020-05-04,57.5099983,57.7200012,57.0200005,57.5900002,53.942009,1.13142E7,1.13142E7,-3.56799,-6.204,56.22734,"May 04, 20",-0.06204
2020-05-01,57.9399986,58.4300003,57.3800011,57.6199989,53.9701118,1.30236E7,1.30236E7,-3.96989,-6.852,56.59337,"May 01, 20",-0.06852
2020-04-30,58.7900009,58.8199997,57.9199982,58.2599983,54.5695763,1.63971E7,1.63971E7,-4.22042,-7.179,57.10319,"April 30, 20",-0.07179
2020-04-29,59.5099983,59.5099983,58.4000015,58.9599991,55.2252388,1.60385E7,1.60385E7,-4.28476,-7.2,57.71175,"April 29, 20",-0.072
2020-04-28,59.5600014,59.6399994,58.9599991,59.2099991,55.4593964,1.36088E7,1.36088E7,-4.10061,-6.885,58.0198,"April 28, 20",-0.06885
2020-04-27,59.0699997,59.1500015,58.6500015,58.8800011,55.1502953,1.1024E7,1.1024E7,-3.9197,-6.636,57.6501,"April 27, 20",-0.06636
2020-04-24,58.4300003,58.9000015,58.2299995,58.7099991,54.9910622,9638300.0,9638300.0,-3.43894,-5.886,57.37369,"April 24, 20",-0.05886
2020-04-23,58.4700012,58.8499985,57.9900017,58.0900002,54.410347,2.10742E7,2.10742E7,-4.05965,-6.943,57.08345,"April 23, 20",-0.06943
2020-04-22,58.75,58.9399986,58.1399994,58.6100006,54.8974037,1.50868E7,1.50868E7,-3.8526,-6.558,57.3258,"April 22, 20",-0.06558
2020-04-21,58.4700012,58.8100014,57.8400002,58.0499992,54.3728752,1.30219E7,1.30219E7,-4.09713,-7.007,57.00763,"April 21, 20",-0.07007
2020-04-20,59.9000015,60.3199997,59.2599983,59.3100014,55.5530624,9263900.0,9263900.0,-4.34694,-7.257,58.37769,"April 20, 20",-0.07257
2020-04-17,60.3199997,60.7000008,59.5099983,60.5,56.6676788,1.20831E7,1.20831E7,-3.65232,-6.055,58.95923,"April 17, 20",-0.06055
2020-04-16,59.5099983,59.8100014,58.75,59.5900002,55.8153305,1.44861E7,1.44861E7,-3.69467,-6.208,58.12511,"April 16, 20",-0.06208
2020-04-15,59.3499985,59.7200012,58.7599983,59.2000008,55.4500313,1.25534E7,1.25534E7,-3.89997,-6.571,57.97668,"April 15, 20",-0.06571
2020-04-14,58.6899986,60.2200012,58.4599991,60.1500015,56.3398552,1.77453E7,1.77453E7,-2.35014,-4.004,58.33995,"April 14, 20",-0.04004
2020-04-13,57.9399986,58.2400017,57.1399994,57.7000008,54.0450478,1.06795E7,1.06795E7,-3.89495,-6.722,56.47502,"April 13, 20",-0.06722
2020-04-09,57.75,59.0200005,57.6100006,58.1300011,54.4478073,2.0376E7,2.0376E7,-3.30219,-5.718,57.02594,"April 09, 20",-0.05718
2020-04-08,57.1699982,57.9099998,56.5299988,57.5900002,53.942009,1.38774E7,1.38774E7,-3.22799,-5.646,56.12734,"April 08, 20",-0.05646
2020-04-07,58.2999992,58.7599983,56.7400017,56.75,53.1552277,2.29854E7,2.29854E7,-5.14477,-8.825,56.21841,"April 07, 20",-0.08825
2020-04-06,56.7299995,57.8100014,55.9199982,57.4099998,53.7734222,1.48352E7,1.48352E7,-2.95658,-5.212,55.83447,"April 06, 20",-0.05212
2020-04-03,54.7000008,55.5200005,54.4700012,55.3499985,51.8439026,1.53741E7,1.53741E7,-2.8561,-5.221,53.94463,"April 03, 20",-0.05221
2020-04-02,52.8100014,55.2299995,52.6800003,54.9199982,51.4411316,1.47481E7,1.47481E7,-1.36887,-2.592,53.11704,"April 02, 20",-0.02592
2020-04-01,52.9900017,54.3800011,52.8600006,53.5499992,50.1579247,1.19798E7,1.19798E7,-2.83208,-5.345,52.46598,"April 01, 20",-0.05345
2020-03-31,55.4000015,55.6699982,54.3400002,54.4700012,51.0196533,1.52032E7,1.52032E7,-4.38035,-7.907,53.67655,"March 31, 20",-0.07907
2020-03-30,54.0299988,55.7599983,54.0299988,55.5999985,52.0780678,1.58926E7,1.58926E7,-1.95193,-3.613,53.95602,"March 30, 20",-0.03613
2020-03-27,52.5900002,54.9900017,52.5,53.5099983,50.1204567,2.60047E7,2.60047E7,-2.46954,-4.696,52.53682,"March 27, 20",-0.04696
2020-03-26,51.5900002,54.1199989,51.3800011,53.7599983,50.3546219,2.57541E7,2.57541E7,-1.23538,-2.395,51.95154,"March 26, 20",-0.02395
2020-03-25,51.0,52.6100006,50.0800018,50.9700012,47.7413521,2.55264E7,2.55264E7,-3.25865,-6.39,50.14378,"March 25, 20",-0.0639
2020-03-24,50.75,51.4000015,49.7999992,51.1100006,47.8724899,2.80418E7,2.80418E7,-2.87751,-5.67,49.69083,"March 24, 20",-0.0567
2020-03-23,50.0099983,50.5999985,47.6599998,48.6300011,45.5495758,3.18222E7,3.18222E7,-4.46042,-8.919,47.93652,"March 23, 20",-0.08919
2020-03-20,54.0400009,54.0600014,49.9599991,50.4000015,46.9386368,2.69037E7,2.69037E7,-7.10136,-13.141,50.31955,"March 20, 20",-0.13141
2020-03-19,55.1599998,55.4399986,53.3899994,53.8899994,50.1889572,2.68079E7,2.68079E7,-4.97104,-9.012,53.00632,"March 19, 20",-0.09012
2020-03-18,54.75,57.0,53.2999992,55.75,51.9212112,3.55249E7,3.55249E7,-2.82879,-5.167,54.07374,"March 18, 20",-0.05167
2020-03-17,53.7900009,57.4500008,53.6699982,57.2200012,53.2902565,3.23181E7,3.23181E7,-0.49974,-0.929,54.80342,"March 17, 20",-0.00929
2020-03-16,51.3499985,55.5699997,50.7799988,52.7700005,49.145874,2.74368E7,2.74368E7,-2.20412,-4.292,51.83196,"March 16, 20",-0.04292
2020-03-13,54.7700005,56.6300011,52.7599983,56.6100006,52.7221451,2.48358E7,2.48358E7,-2.04786,-3.739,54.03738,"March 13, 20",-0.03739
2020-03-12,53.8899994,56.7099991,51.9099998,52.1699982,48.5870743,2.67138E7,2.67138E7,-5.30293,-9.84,52.40236,"March 12, 20",-0.0984
2020-03-11,59.0499992,59.3600006,56.8699989,57.5800018,53.6255302,1.77598E7,1.77598E7,-5.42447,-9.186,56.61851,"March 11, 20",-0.09186
2020-03-10,60.0999985,60.6500015,57.8899994,60.5499992,56.3915558,2.81748E7,2.81748E7,-3.70844,-6.17,58.31052,"March 10, 20",-0.0617
2020-03-09,58.1399994,60.5,58.0,58.8600006,54.8176308,1.91263E7,1.91263E7,-3.32237,-5.714,57.77254,"March 09, 20",-0.05714
2020-03-06,60.3899994,61.8899994,59.9399986,61.5400009,57.3135643,2.48002E7,2.48002E7,-3.07644,-5.094,59.71452,"March 06, 20",-0.05094
2020-03-05,61.8300018,62.8600006,61.4000015,62.0299988,57.7699089,1.65563E7,1.65563E7,-4.06009,-6.567,60.67664,"March 05, 20",-0.06567
2020-03-04,61.1100006,63.25,61.0299988,63.2200012,58.8781853,2.62143E7,2.62143E7,-2.23182,-3.652,61.05273,"March 04, 20",-0.03652
2020-03-03,61.1800003,62.2000008,59.8199997,60.2599983,56.1214714,3.52375E7,3.52375E7,-5.05853,-8.268,59.38049,"March 03, 20",-0.08268
2020-03-02,58.1100006,61.1399994,58.1100006,61.0900002,56.8944778,2.71031E7,2.71031E7,-1.21552,-2.092,58.71483,"March 02, 20",-0.02092
2020-02-28,57.8100014,58.0,56.0400009,57.9900017,54.0073776,5.09788E7,5.09788E7,-3.80262,-6.578,56.01579,"February 28, 20",-0.06578
2020-02-27,61.1199989,61.6699982,59.1500015,59.1599998,55.0970192,3.90923E7,3.90923E7,-6.02298,-9.854,58.63901,"February 27, 20",-0.09854
2020-02-26,62.2099991,62.7799988,61.6399994,61.6699982,57.434639,2.60664E7,2.60664E7,-4.77536,-7.676,60.61821,"February 26, 20",-0.07676
2020-02-25,63.2000008,63.5099983,61.8100014,62.0200005,57.7606049,2.57214E7,2.57214E7,-5.4394,-8.607,61.02687,"February 25, 20",-0.08607
2020-02-24,63.7700005,64.2600021,63.0900002,63.1599998,58.8223076,1.98927E7,1.98927E7,-4.94769,-7.759,62.05744,"February 24, 20",-0.07759
2020-02-21,64.3600006,64.7900009,64.3399963,64.6500015,60.2099838,1.00278E7,1.00278E7,-4.15002,-6.448,63.11333,"February 21, 20",-0.06448
2020-02-20,64.3799973,64.5899963,63.9399986,64.5400009,60.1075325,1.33977E7,1.33977E7,-4.27246,-6.636,62.87918,"February 20, 20",-0.06636
2020-02-19,64.5699997,64.7399979,64.4599991,64.4899979,60.0609741,4971300.0,4971300.0,-4.50903,-6.983,63.08699,"February 19, 20",-0.06983
2020-02-18,64.6999969,64.8399963,64.4300003,64.5599976,60.1261559,6902300.0,6902300.0,-4.57384,-7.069,63.13205,"February 18, 20",-0.07069
2020-02-14,64.7099991,64.8099976,64.5800018,64.7900009,60.3403664,5421200.0,5421200.0,-4.36963,-6.753,63.24346,"February 14, 20",-0.06753
2020-02-13,64.1200027,64.75,64.0299988,64.6399994,60.2006645,7950900.0,7950900.0,-3.91934,-6.113,62.99355,"February 13, 20",-0.06113
2020-02-12,64.3700027,64.3899994,64.1299973,64.2600021,59.846756,8479000.0,8479000.0,-4.52325,-7.027,62.78892,"February 12, 20",-0.07027
2020-02-11,64.6299973,64.6299973,64.2399979,64.2900009,59.8747063,8375700.0,8375700.0,-4.75529,-7.358,62.9149,"February 11, 20",-0.07358
2020-02-10,64.2900009,64.6500015,64.2699966,64.5299988,60.0982132,7394100.0,7394100.0,-4.19179,-6.52,63.00607,"February 10, 20",-0.0652
2020-02-07,64.1800003,64.3899994,63.9900017,64.2600021,59.846756,1.4849E7,1.4849E7,-4.33324,-6.752,62.74225,"February 07, 20",-0.06752
2020-02-06,64.1399994,64.5199966,64.0100021,64.1800003,59.7722588,9628500.0,9628500.0,-4.36774,-6.81,62.76742,"February 06, 20",-0.0681
2020-02-05,63.7700005,64.0999985,63.6899986,64.0699997,59.6698112,2.09114E7,2.09114E7,-4.10019,-6.43,62.4866,"February 05, 20",-0.0643
2020-02-04,63.6800003,63.9900017,63.4300003,63.5600014,59.1948395,1.42909E7,1.42909E7,-4.48516,-7.043,62.20495,"February 04, 20",-0.07043
2020-02-03,63.4099998,63.6500015,63.1300011,63.1800003,58.8409386,2.17976E7,2.17976E7,-4.56906,-7.206,61.87365,"February 03, 20",-0.07206
2020-01-31,63.9300003,64.2099991,63.0,63.1800003,58.8409386,1.528E7,1.528E7,-5.08906,-7.96,62.01698,"January 31, 20",-0.0796
2020-01-30,63.1800003,63.9500008,63.1399994,63.9000015,59.5114899,1.38248E7,1.38248E7,-3.66851,-5.806,62.2005,"January 30, 20",-0.05806
2020-01-29,63.5200005,63.5699997,63.1500015,63.1500015,58.8129997,8300800.0,8300800.0,-4.707,-7.41,61.84433,"January 29, 20",-0.0741
2020-01-28,63.4300003,63.6599998,63.3699989,63.4700012,59.1110191,7899500.0,7899500.0,-4.31898,-6.809,62.04701,"January 28, 20",-0.06809
2020-01-27,63.0499992,63.6899986,63.0099983,63.3899994,59.0365143,8748400.0,8748400.0,-4.01348,-6.366,61.91217,"January 27, 20",-0.06366
2020-01-24,64.0800018,64.1600037,63.3899994,63.5900002,59.2227821,1.19351E7,1.19351E7,-4.85722,-7.58,62.2576,"January 24, 20",-0.0758
2020-01-23,63.8800011,64.1999969,63.6399994,64.0299988,59.6325607,1.45631E7,1.45631E7,-4.24744,-6.649,62.49085,"January 23, 20",-0.06649
2020-01-22,64.0599976,64.2399979,64.0400009,64.0899963,59.6884422,8046500.0,8046500.0,-4.37156,-6.824,62.65615,"January 22, 20",-0.06824
2020-01-21,63.7299995,64.0699997,63.5099983,64.0400009,59.6418724,1.13003E7,1.13003E7,-4.08813,-6.415,62.40729,"January 21, 20",-0.06415
2020-01-17,63.7000008,63.9599991,63.6199989,63.8199997,59.436985,1.49027E7,1.49027E7,-4.26302,-6.692,62.33899,"January 17, 20",-0.06692
2020-01-16,63.6199989,63.7599983,63.5499992,63.7099991,59.3345337,8048600.0,8048600.0,-4.28547,-6.736,62.21484,"January 16, 20",-0.06736
2020-01-15,63.0400009,63.6699982,63.0099983,63.5400009,59.1762199,1.24543E7,1.24543E7,-3.86378,-6.129,61.95207,"January 15, 20",-0.06129
2020-01-14,62.9900017,63.1199989,62.9099998,63.0900002,58.7571182,7512300.0,7512300.0,-4.23288,-6.72,61.59571,"January 14, 20",-0.0672
2020-01-13,62.6800003,63.0800018,62.6500015,63.0699997,58.7384872,9625700.0,9625700.0,-3.94151,-6.288,61.4895,"January 13, 20",-0.06288
2020-01-10,62.7599983,62.8499985,62.5800018,62.6599998,58.3566513,7410800.0,7410800.0,-4.40335,-7.016,61.26222,"January 10, 20",-0.07016
2020-01-09,62.4500008,62.7099991,62.2999992,62.7000008,58.3939056,6854500.0,6854500.0,-4.0561,-6.495,61.13463,"January 09, 20",-0.06495
2020-01-08,62.0800018,62.5200005,61.9599991,62.2599983,57.9841194,1.14514E7,1.14514E7,-4.09588,-6.598,60.82137,"January 08, 20",-0.06598
2020-01-07,62.3199997,62.3800011,61.9799995,62.0299988,57.7699089,1.56076E7,1.56076E7,-4.55009,-7.301,60.70997,"January 07, 20",-0.07301
2020-01-06,62.2900009,62.5900002,62.1800003,62.5099983,58.2169533,2.25417E7,2.25417E7,-4.07305,-6.539,60.99565,"January 06, 20",-0.06539
2020-01-03,62.25,62.6500015,62.0900002,62.3800011,58.0958786,2.63889E7,2.63889E7,-4.15412,-6.673,60.94529,"January 03, 20",-0.06673
2020-01-02,63.0999985,63.0999985,62.3100014,62.4799995,58.1890144,1.44607E7,1.44607E7,-4.91098,-7.783,61.19967,"January 02, 20",-0.07783
2019-12-31,62.7900009,63.0200005,62.6599998,62.9799995,58.6546745,4985400.0,4985400.0,-4.13533,-6.586,61.44489,"December 31, 19",-0.06586
2019-12-30,63.1399994,63.2400017,62.8300018,62.9199982,58.598793,6238600.0,6238600.0,-4.54121,-7.192,61.55627,"December 30, 19",-0.07192
2019-12-27,63.0999985,63.2700005,63.0400009,63.25,58.9061317,1.03141E7,1.03141E7,-4.19387,-6.646,61.73871,"December 27, 19",-0.06646
2019-12-26,62.9799995,63.0900002,62.7999992,62.9700012,58.6453629,8638600.0,8638600.0,-4.33464,-6.883,61.51179,"December 26, 19",-0.06883
2019-12-24,62.9000015,62.9900017,62.8100014,62.9099998,58.5894852,1700100.0,1700100.0,-4.31052,-6.853,61.46316,"December 24, 19",-0.06853
2019-12-23,63.2200012,63.2200012,62.8100014,62.8300018,58.5149727,6006500.0,6006500.0,-4.70503,-7.442,61.51499,"December 23, 19",-0.07442
2019-12-20,62.8199997,63.3600006,62.7799988,63.0999985,58.7664299,1.52706E7,1.52706E7,-4.05357,-6.453,61.63548,"December 20, 19",-0.06453
2019-12-19,62.8899994,63.2799988,62.8800011,63.1399994,58.3259087,9068100.0,9068100.0,-4.56409,-7.257,61.4953,"December 19, 19",-0.07257
2019-12-18,63.0099983,63.2200012,62.7000008,62.7999992,58.011837,5464100.0,5464100.0,-4.99816,-7.932,61.31061,"December 18, 19",-0.07932
2019-12-17,62.9199982,63.0400009,62.8199997,62.9000015,58.1042099,8005500.0,8005500.0,-4.81579,-7.654,61.3214,"December 17, 19",-0.07654
2019-12-16,62.9599991,63.1500015,62.8800011,63.0,58.1965942,1.00046E7,1.00046E7,-4.7634,-7.566,61.40887,"December 16, 19",-0.07566
2019-12-13,62.4000015,62.8800011,62.2900009,62.7799988,57.9933586,1.01583E7,1.01583E7,-4.40664,-7.062,61.05445,"December 13, 19",-0.07062
2019-12-12,62.6199989,63.0200005,62.4300003,62.5600014,57.7901382,1.18436E7,1.18436E7,-4.82986,-7.713,61.08005,"December 12, 19",-0.07713
2019-12-11,62.6599998,62.7599983,62.4300003,62.6100006,57.8363228,6201700.0,6201700.0,-4.82368,-7.698,61.00877,"December 11, 19",-0.07698
2019-12-10,62.7200012,62.7900009,62.4599991,62.5200005,57.7531853,7194300.0,7194300.0,-4.96682,-7.919,61.00106,"December 10, 19",-0.07919
2019-12-09,62.6300011,62.8800011,62.6199989,62.7200012,57.9379425,6643000.0,6643000.0,-4.69206,-7.492,61.14598,"December 09, 19",-0.07492
2019-12-06,62.5600014,62.9099998,62.5200005,62.6699982,57.8917427,1.07467E7,1.07467E7,-4.66826,-7.462,61.10725,"December 06, 19",-0.07462
2019-12-05,62.4700012,62.4799995,62.0600014,62.4300003,57.6700401,1.34452E7,1.34452E7,-4.79996,-7.684,60.73668,"December 05, 19",-0.07684
2019-12-04,61.9700012,62.4900017,61.9000015,62.4500008,57.6885262,1.73691E7,1.73691E7,-4.28148,-6.909,60.69284,"December 04, 19",-0.06909
2019-12-03,62.0200005,62.0900002,61.6199989,62.0400009,57.3097839,2.0537E7,2.0537E7,-4.71022,-7.595,60.33993,"December 03, 19",-0.07595
2019-12-02,61.8800011,62.1699982,61.5900002,62.1399994,57.402153,1.79201E7,1.79201E7,-4.47785,-7.236,60.38738,"December 02, 19",-0.07236
2019-11-29,62.0400009,62.1399994,61.8800011,62.0,57.272831,3008500.0,3008500.0,-4.76717,-7.684,60.43094,"November 29, 19",-0.07684
2019-11-27,61.9799995,62.0900002,61.8100014,62.0200005,57.2913094,5483300.0,5483300.0,-4.68869,-7.565,60.3971,"November 27, 19",-0.07565
2019-11-26,61.4500008,61.9300003,61.3400002,61.8699989,57.1527519,7354800.0,7354800.0,-4.29725,-6.993,60.14092,"November 26, 19",-0.06993
2019-11-25,61.4199982,61.5299988,61.0699997,61.3699989,56.6908607,1.03965E7,1.03965E7,-4.72914,-7.7,59.76362,"November 25, 19",-0.077
2019-11-22,61.4500008,61.4900017,61.0600014,61.2999992,56.6261978,5517100.0,5517100.0,-4.8238,-7.85,59.7254,"November 22, 19",-0.0785
2019-11-21,61.5999985,61.75,61.2599983,61.4000015,56.7185783,7611100.0,7611100.0,-4.88142,-7.924,59.90953,"November 21, 19",-0.07924
2019-11-20,61.5699997,61.8600006,61.4399986,61.7099991,57.0049438,1.19359E7,1.19359E7,-4.56506,-7.414,60.10165,"November 20, 19",-0.07414
2019-11-19,61.7400017,61.8400002,61.4399986,61.5699997,56.8756142,8560900.0,8560900.0,-4.86439,-7.879,60.05187,"November 19, 19",-0.07879
2019-11-18,61.2700005,61.9900017,61.2700005,61.6500015,56.9495201,8615500.0,8615500.0,-4.32048,-7.052,60.06984,"November 18, 19",-0.07052
2019-11-15,61.4000015,61.4599991,61.1100006,61.3300018,56.6539192,7221400.0,7221400.0,-4.74608,-7.73,59.74131,"November 15, 19",-0.0773
2019-11-14,61.5999985,61.6199989,61.0600014,61.3100014,56.6354485,8442100.0,8442100.0,-4.96455,-8.059,59.77182,"November 14, 19",-0.08059
2019-11-13,60.9599991,61.4500008,60.8800011,61.3300018,56.6539192,9500900.0,9500900.0,-4.30608,-7.064,59.66131,"November 13, 19",-0.07064
2019-11-12,60.7599983,60.8699989,60.5900002,60.8699989,56.2289925,7085100.0,7085100.0,-4.53101,-7.457,59.22966,"November 12, 19",-0.07457
2019-11-11,60.7900009,60.8899994,60.5699997,60.6699982,56.044239,5632200.0,5632200.0,-4.74576,-7.807,59.16808,"November 11, 19",-0.07807
2019-11-08,60.7700005,60.9500008,60.5600014,60.7599983,56.1273727,7574200.0,7574200.0,-4.64263,-7.64,59.21246,"November 08, 19",-0.0764
2019-11-07,61.0800018,61.0900002,60.6899986,60.7999992,56.1643219,9437800.0,9437800.0,-4.91568,-8.048,59.31477,"November 07, 19",-0.08048
2019-11-06,60.8600006,61.1599998,60.6899986,61.0099983,56.3583107,8284500.0,8284500.0,-4.50169,-7.397,59.40277,"November 06, 19",-0.07397
2019-11-05,60.4799995,60.8899994,60.2900009,60.7599983,56.1273727,1.71922E7,1.71922E7,-4.35263,-7.197,59.10246,"November 05, 19",-0.07197
2019-11-04,61.2200012,61.25,60.3699989,60.5600014,55.942627,1.70816E7,1.70816E7,-5.27737,-8.62,59.18754,"November 04, 19",-0.0862
2019-11-01,61.2700005,61.3800011,61.0200005,61.1500015,56.4876404,1.0232E7,1.0232E7,-4.78236,-7.805,59.62921,"November 01, 19",-0.07805
2019-10-31,61.2700005,61.4900017,60.7700005,61.1599998,56.4968758,1.26281E7,1.26281E7,-4.77312,-7.79,59.58563,"October 31, 19",-0.0779
2019-10-30,61.0200005,61.3600006,60.8499985,61.25,56.5800133,7216400.0,7216400.0,-4.43999,-7.276,59.59667,"October 30, 19",-0.07276
2019-10-29,60.8600006,61.2599983,60.75,60.9700012,56.3213615,1.00724E7,1.00724E7,-4.53864,-7.458,59.44379,"October 29, 19",-0.07458
2019-10-28,61.0900002,61.3100014,60.8300018,60.9700012,56.3213615,1.11542E7,1.11542E7,-4.76864,-7.806,59.48712,"October 28, 19",-0.07806
2019-10-25,61.3899994,61.4000015,61.0400009,61.0900002,56.4322166,7518600.0,7518600.0,-4.95778,-8.076,59.62407,"October 25, 19",-0.08076
2019-10-24,61.3600006,61.5499992,61.1199989,61.4500008,56.7647667,9089300.0,9089300.0,-4.59523,-7.489,59.81159,"October 24, 19",-0.07489
2019-10-23,60.9300003,61.2799988,60.9099998,61.2400017,56.5707741,7499400.0,7499400.0,-4.35923,-7.154,59.58692,"October 23, 19",-0.07154
2019-10-22,61.3800011,61.4199982,60.9300003,60.9599991,56.3121262,1.24925E7,1.24925E7,-5.06787,-8.257,59.55404,"October 22, 19",-0.08257
2019-10-21,60.75,60.9700012,60.6699982,60.9399986,56.2936401,9924100.0,9924100.0,-4.45636,-7.336,59.31121,"October 21, 19",-0.07336
2019-10-18,60.5099983,60.9700012,60.5099983,60.7400017,56.1089058,9301200.0,9301200.0,-4.40109,-7.273,59.1963,"October 18, 19",-0.07273
2019-10-17,60.5400009,60.7900009,60.4500008,60.6199989,55.9980507,1.32098E7,1.32098E7,-4.54195,-7.502,59.07935,"October 17, 19",-0.07502
2019-10-16,60.3300018,60.4099998,60.1300011,60.3400002,55.7394066,1.03977E7,1.03977E7,-4.5906,-7.609,58.7598,"October 16, 19",-0.07609
2019-10-15,60.6899986,60.7299995,60.1899986,60.2799988,55.6839752,1.22177E7,1.22177E7,-5.00602,-8.249,58.86799,"October 15, 19",-0.08249
2019-10-14,60.9199982,60.9799995,60.5099983,60.5400009,55.9241524,7569500.0,7569500.0,-4.99585,-8.201,59.13805,"October 14, 19",-0.08201
2019-10-11,61.1300011,61.2099991,60.7200012,60.8400002,56.2012749,1.81721E7,1.81721E7,-4.92873,-8.063,59.37709,"October 11, 19",-0.08063
2019-10-10,60.6500015,61.0800018,60.4799995,60.9000015,56.2567062,8648000.0,8648000.0,-4.3933,-7.244,59.27224,"October 10, 19",-0.07244
2019-10-09,60.6199989,60.9300003,60.4900017,60.7799988,56.1458549,8504600.0,8504600.0,-4.47414,-7.381,59.18862,"October 09, 19",-0.07381
2019-10-08,60.7200012,60.8899994,60.3100014,60.3199997,55.7209244,1.49241E7,1.49241E7,-4.99908,-8.233,58.97364,"October 08, 19",-0.08233
2019-10-07,61.2599983,61.3400002,60.8400002,60.9000015,56.2567062,9378900.0,9378900.0,-5.00329,-8.167,59.4789,"October 07, 19",-0.08167
2019-10-04,60.5499992,61.4099998,60.4900017,61.4000015,56.7185783,1.19386E7,1.19386E7,-3.83142,-6.328,59.53953,"October 04, 19",-0.06328
2019-10-03,60.3300018,60.6599998,59.7900009,60.4500008,55.8410072,2.09981E7,2.09981E7,-4.48899,-7.441,58.76367,"October 03, 19",-0.07441
2019-10-02,60.9599991,61.0200005,59.7999992,60.0299988,55.4530373,1.86682E7,1.86682E7,-5.50696,-9.034,58.75768,"October 02, 19",-0.09034
2019-10-01,61.4500008,61.6199989,61.0099983,61.2599983,56.5892563,1.68274E7,1.68274E7,-4.86074,-7.91,59.73975,"October 01, 19",-0.0791
2019-09-30,61.1599998,61.6899986,61.1599998,61.4199982,56.7370567,1.10788E7,1.10788E7,-4.42294,-7.232,59.86235,"September 30, 19",-0.07232
2019-09-27,61.3400002,61.3600006,60.7599983,61.1199989,56.4599266,1.42939E7,1.42939E7,-4.88007,-7.956,59.52664,"September 27, 19",-0.07956
2019-09-26,60.9199982,61.3699989,60.8899994,61.1899986,56.5245934,1.55273E7,1.55273E7,-4.3954,-7.215,59.59486,"September 26, 19",-0.07215
2019-09-25,61.0699997,61.1500015,60.6699982,60.8499985,56.2105103,1.76266E7,1.76266E7,-4.85949,-7.957,59.3435,"September 25, 19",-0.07957
2019-09-24,60.7999992,61.2099991,60.5900002,60.8100014,56.1735611,1.73059E7,1.73059E7,-4.62644,-7.609,59.32452,"September 24, 19",-0.07609
2019-09-23,60.3699989,60.8100014,60.3199997,60.5600014,55.942627,8767800.0,8767800.0,-4.42737,-7.334,59.02421,"September 23, 19",-0.07334
2019-09-20,60.6399994,60.7799988,60.3199997,60.3199997,55.7209244,1.39511E7,1.39511E7,-4.91908,-8.112,58.94031,"September 20, 19",-0.08112
2019-09-19,60.8300018,60.9799995,60.75,60.8699989,55.8982925,1.06641E7,1.06641E7,-4.93171,-8.107,59.20943,"September 19, 19",-0.08107
2019-09-18,60.8400002,60.9500008,60.3600006,60.8800011,55.9074745,1.09689E7,1.09689E7,-4.93253,-8.107,59.07249,"September 18, 19",-0.08107
2019-09-17,60.4199982,61.1100006,60.4199982,60.7799988,55.8156395,1.16815E7,1.16815E7,-4.60436,-7.621,59.11521,"September 17, 19",-0.07621
2019-09-16,60.75,60.8100014,60.3199997,60.4500008,55.5125847,1.67412E7,1.67412E7,-5.23742,-8.621,58.88086,"September 16, 19",-0.08621
2019-09-13,61.1100006,61.4599991,60.9099998,61.0400009,56.0544014,1.78304E7,1.78304E7,-5.0556,-8.273,59.4748,"September 13, 19",-0.08273
2019-09-12,61.5,61.6899986,61.2700005,61.3899994,56.3758125,1.82962E7,1.82962E7,-5.12419,-8.332,59.7786,"September 12, 19",-0.08332
2019-09-11,60.9000015,61.1899986,60.5800018,61.1399994,56.1462288,1.74222E7,1.74222E7,-4.75377,-7.806,59.30541,"September 11, 19",-0.07806
2019-09-10,61.0299988,61.0299988,60.5900002,60.9199982,55.9441986,3.1985E7,3.1985E7,-5.0858,-8.333,59.18807,"September 10, 19",-0.08333
2019-09-09,61.4099998,61.4700012,61.1300011,61.2999992,56.2931595,2.70824E7,2.70824E7,-5.11684,-8.332,59.63105,"September 09, 19",-0.08332
2019-09-06,61.4000015,61.5400009,61.25,61.4399986,56.4217262,1.39042E7,1.39042E7,-4.97828,-8.108,59.73724,"September 06, 19",-0.08108
2019-09-05,61.7799988,61.9199982,61.1500015,61.2400017,56.2380638,1.57198E7,1.57198E7,-5.54193,-8.97,59.76935,"September 05, 19",-0.0897
2019-09-04,61.3199997,61.6199989,61.0800018,61.6199989,56.5870171,1.22005E7,1.22005E7,-4.73298,-7.718,59.76234,"September 04, 19",-0.07718
2019-09-03,60.4599991,61.0800018,60.3499985,61.0699997,56.0819511,1.55516E7,1.55516E7,-4.37805,-7.241,59.17065,"September 03, 19",-0.07241
2019-08-30,61.0,61.1500015,60.5299988,60.7200012,55.7605324,8567000.0,8567000.0,-5.23947,-8.589,59.14684,"August 30, 19",-0.08589
2019-08-29,61.1300011,61.1399994,60.4300003,60.7999992,55.8339996,9657600.0,9657600.0,-5.296,-8.664,59.13467,"August 29, 19",-0.08664
2019-08-28,60.1699982,60.7700005,60.0600014,60.7700005,55.8064537,1.24355E7,1.24355E7,-4.36354,-7.252,58.87882,"August 28, 19",-0.07252
2019-08-27,60.6100006,60.7700005,60.0,60.1899986,55.2738266,1.33893E7,1.33893E7,-5.33617,-8.804,58.68128,"August 27, 19",-0.08804
2019-08-26,60.0200005,60.4099998,59.7799988,60.3600006,55.4299393,1.36298E7,1.36298E7,-4.59006,-7.648,58.53998,"August 26, 19",-0.07648
2019-08-23,60.4599991,60.7099991,59.2799988,59.6199989,54.7503853,2.52961E7,2.52961E7,-5.70961,-9.444,58.24679,"August 23, 19",-0.09444
2019-08-22,60.3600006,60.7599983,60.2000008,60.6300011,55.6778908,7127600.0,7127600.0,-4.68211,-7.757,58.8793,"August 22, 19",-0.07757
2019-08-21,60.5499992,60.5999985,60.1599998,60.3100014,55.3840218,8735900.0,8735900.0,-5.16598,-8.532,58.71467,"August 21, 19",-0.08532
2019-08-20,60.7799988,60.8499985,60.0999985,60.1500015,55.2370911,8959300.0,8959300.0,-5.54291,-9.12,58.72903,"August 20, 19",-0.0912
2019-08-19,60.6899986,60.9300003,60.5600014,60.8100014,55.8431778,1.31808E7,1.31808E7,-4.84682,-7.986,59.11106,"August 19, 19",-0.07986
2019-08-16,59.7900009,60.4500008,59.7900009,60.2099991,55.2921906,1.82943E7,1.82943E7,-4.49781,-7.523,58.51073,"August 16, 19",-0.07523
2019-08-15,59.2900009,59.7400017,59.0,59.5299988,54.6677361,1.44311E7,1.44311E7,-4.62226,-7.796,57.80258,"August 15, 19",-0.07796
2019-08-14,59.0600014,59.5400009,58.6100006,58.6500015,53.8596191,1.72813E7,1.72813E7,-5.20038,-8.805,57.33654,"August 14, 19",-0.08805
2019-08-13,58.8800011,59.8600006,58.7799988,59.5900002,54.7228355,1.31995E7,1.31995E7,-4.15717,-7.06,57.78761,"August 13, 19",-0.0706
2019-08-12,59.1599998,59.3499985,58.7200012,58.9199982,54.1075516,1.1774E7,1.1774E7,-5.05245,-8.54,57.39252,"August 12, 19",-0.0854
2019-08-09,59.6199989,59.7700005,58.9000015,59.3199997,54.4748878,1.05902E7,1.05902E7,-5.14511,-8.63,57.71496,"August 09, 19",-0.0863
2019-08-08,58.8499985,59.7099991,58.5699997,59.6500015,54.7779388,2.40113E7,2.40113E7,-4.07206,-6.919,57.68598,"August 08, 19",-0.06919
2019-08-07,57.9599991,59.1100006,57.3499985,58.8899994,54.0800095,1.75508E7,1.75508E7,-3.87999,-6.694,56.84667,"August 07, 19",-0.06694
2019-08-06,57.8899994,58.4799995,57.6699982,58.2099991,53.4555473,2.01264E7,2.01264E7,-4.43445,-7.66,56.53518,"August 06, 19",-0.0766
2019-08-05,58.8499985,59.0999985,57.3699989,57.6899986,52.9780197,2.63648E7,2.63648E7,-5.87198,-9.978,56.48267,"August 05, 19",-0.09978
2019-08-02,59.1300011,59.5900002,59.0,59.2299995,54.3922348,2.43687E7,2.43687E7,-4.73777,-8.012,57.66074,"August 02, 19",-0.08012
2019-08-01,59.5999985,60.2999992,59.1800003,59.2200012,54.3830528,3.01482E7,3.01482E7,-5.21695,-8.753,57.95435,"August 01, 19",-0.08753
2019-07-31,60.4700012,60.5600014,58.8499985,59.4300003,54.5759087,1.68267E7,1.68267E7,-5.89409,-9.747,57.9953,"July 31, 19",-0.09747
2019-07-30,60.7200012,61.0200005,60.5200005,60.6599998,55.7054405,1.41238E7,1.41238E7,-5.01456,-8.258,59.08181,"July 30, 19",-0.08258
2019-07-29,60.3699989,60.6100006,60.3300018,60.4799995,55.5401382,6121300.0,6121300.0,-4.82986,-8.0,58.82671,"July 29, 19",-0.08
2019-07-26,59.7999992,60.3899994,59.6300011,60.3699989,55.4391212,1.47279E7,1.47279E7,-4.36088,-7.292,58.48637,"July 26, 19",-0.07292
2019-07-25,59.5,59.7999992,59.3600006,59.7000008,54.8238525,9469200.0,9469200.0,-4.67615,-7.859,57.99462,"July 25, 19",-0.07859
2019-07-24,59.9300003,59.9799995,59.5499992,59.6199989,54.7503853,7975900.0,7975900.0,-5.17962,-8.643,58.09346,"July 24, 19",-0.08643
2019-07-23,60.1300011,60.2400017,59.8300018,60.0200005,55.1177101,1.00581E7,1.00581E7,-5.01229,-8.336,58.3959,"July 23, 19",-0.08336
2019-07-22,60.0499992,60.0499992,59.5299988,59.5900002,54.7228355,7135100.0,7135100.0,-5.32716,-8.871,58.10094,"July 22, 19",-0.08871
2019-07-19,60.4700012,60.5600014,59.9000015,59.9399986,55.044239,7460400.0,7460400.0,-5.42576,-8.973,58.50141,"July 19, 19",-0.08973
2019-07-18,59.9900017,60.5,59.7799988,60.3199997,55.3932076,9444300.0,9444300.0,-4.59679,-7.663,58.55774,"July 18, 19",-0.07663
2019-07-17,59.9900017,60.0800018,59.7799988,59.9199982,55.0258751,9049900.0,9049900.0,-4.96413,-8.275,58.29529,"July 17, 19",-0.08275
2019-07-16,59.9799995,60.2299995,59.7799988,59.9900017,55.0901642,1.3579E7,1.3579E7,-4.88984,-8.152,58.36672,"July 16, 19",-0.08152
2019-07-15,59.9300003,60.0699997,59.7700005,59.9700012,55.0717888,7212600.0,7212600.0,-4.85821,-8.106,58.30393,"July 15, 19",-0.08106
2019-07-12,59.6399994,59.9700012,59.6399994,59.8300018,54.9432335,8732000.0,8732000.0,-4.69677,-7.875,58.18441,"July 12, 19",-0.07875
2019-07-11,59.6300011,59.7099991,59.3400002,59.6599998,54.7871208,1.25753E7,1.25753E7,-4.84288,-8.122,57.94571,"July 11, 19",-0.08122
2019-07-10,59.3400002,59.6599998,59.2900009,59.5099983,54.6493607,1.68048E7,1.68048E7,-4.69064,-7.905,57.86645,"July 10, 19",-0.07905
2019-07-09,59.3600006,59.4599991,58.9099998,59.1300011,54.3004074,1.24995E7,1.24995E7,-5.05959,-8.524,57.5568,"July 09, 19",-0.08524
2019-07-08,59.4000015,59.5900002,59.3100014,59.4799995,54.6218109,9257100.0,9257100.0,-4.77819,-8.044,57.8406,"July 08, 19",-0.08044
2019-07-05,59.3100014,59.4399986,58.8699989,59.4000015,54.5483551,1.10082E7,1.10082E7,-4.76165,-8.028,57.61945,"July 05, 19",-0.08028
2019-07-03,59.0099983,59.7200012,58.9599991,59.6599998,54.7871208,1.19958E7,1.19958E7,-4.22288,-7.156,57.82237,"July 03, 19",-0.07156
2019-07-02,58.4399986,58.9300003,58.4000015,58.9300003,54.1167374,1.19135E7,1.19135E7,-4.32326,-7.398,57.14891,"July 02, 19",-0.07398
2019-07-01,58.3699989,58.5600014,58.0800018,58.4199982,53.6483879,1.26281E7,1.26281E7,-4.72161,-8.089,56.7628,"July 01, 19",-0.08089
2019-06-28,58.3899994,58.4599991,57.9500008,58.0699997,53.3269844,1.24093E7,1.24093E7,-5.06301,-8.671,56.57899,"June 28, 19",-0.08671
2019-06-27,58.0800018,58.1599998,57.7799988,58.1100006,53.3637199,1.15249E7,1.15249E7,-4.71628,-8.12,56.43457,"June 27, 19",-0.0812
2019-06-26,58.5699997,58.5699997,57.9799995,58.0,53.2626991,1.16726E7,1.16726E7,-5.3073,-9.061,56.60423,"June 26, 19",-0.09061
2019-06-25,58.8800011,58.9599991,58.6699982,58.8400002,54.0340881,1.18617E7,1.18617E7,-4.84591,-8.23,57.22136,"June 25, 19",-0.0823
2019-06-24,58.8100014,59.0999985,58.7700005,58.8699989,54.0616341,1.77963E7,1.77963E7,-4.74837,-8.074,57.31054,"June 24, 19",-0.08074
2019-06-21,58.8400002,59.0099983,58.6300011,58.7200012,53.9238892,1.54162E7,1.54162E7,-4.91611,-8.355,57.18796,"June 21, 19",-0.08355
2019-06-20,59.0900002,59.4300003,58.9599991,59.3600006,54.0992928,1.35662E7,1.35662E7,-4.99071,-8.446,57.49643,"June 20, 19",-0.08446
2019-06-19,58.5600014,58.9599991,58.2700005,58.8400002,53.6253738,1.34572E7,1.34572E7,-4.93463,-8.427,56.95179,"June 19, 19",-0.08427
2019-06-18,59.25,59.2900009,58.5200005,58.5999985,53.4066467,1.81206E7,1.81206E7,-5.84335,-9.862,57.07222,"June 18, 19",-0.09862
2019-06-17,59.1100006,59.1699982,58.6500015,58.9199982,53.698288,8796600.0,8796600.0,-5.41171,-9.155,57.17276,"June 17, 19",-0.09155
2019-06-14,59.0299988,59.25,58.9700012,59.0900002,53.8532219,9726100.0,9726100.0,-5.17678,-8.77,57.35774,"June 14, 19",-0.0877
2019-06-13,59.0699997,59.2400017,58.7200012,59.0600014,53.8258896,1.15644E7,1.15644E7,-5.24411,-8.878,57.26196,"June 13, 19",-0.08878
2019-06-12,58.9500008,59.2700005,58.8400002,58.9300003,53.7074089,1.09212E7,1.09212E7,-5.24259,-8.893,57.27247,"June 12, 19",-0.08893
2019-06-11,58.8199997,58.9900017,58.6899986,58.8400002,53.6253738,1.81097E7,1.81097E7,-5.19463,-8.831,57.10179,"June 11, 19",-0.08831
2019-06-10,58.7099991,58.7799988,58.4700012,58.6500015,53.4522209,1.53418E7,1.53418E7,-5.25778,-8.956,56.90074,"June 10, 19",-0.08956
2019-06-07,58.2700005,58.8600006,58.2700005,58.6300011,53.4339867,1.88608E7,1.88608E7,-4.83601,-8.299,56.85466,"June 07, 19",-0.08299
2019-06-06,57.5900002,58.1899986,57.4900017,58.0699997,52.9236183,2.07696E7,2.07696E7,-4.66638,-8.103,56.20121,"June 06, 19",-0.08103
2019-06-05,57.0800018,57.5800018,56.8600006,57.4700012,52.3767929,1.50697E7,1.50697E7,-4.70321,-8.24,55.6056,"June 05, 19",-0.0824
2019-06-04,56.6599998,56.8300018,56.4799995,56.8199997,51.7843933,1.65468E7,1.65468E7,-4.87561,-8.605,55.03146,"June 04, 19",-0.08605
2019-06-03,55.6899986,56.4199982,55.6800003,56.3100014,51.3195915,1.70606E7,1.70606E7,-4.37041,-7.848,54.4732,"June 03, 19",-0.07848
2019-05-31,55.9700012,56.0499992,55.5200005,55.6100006,50.6816292,1.34508E7,1.34508E7,-5.28837,-9.449,54.08388,"May 31, 19",-0.09449
2019-05-30,56.2799988,56.5299988,56.1500015,56.4099998,51.4107323,9770200.0,9770200.0,-4.86927,-8.652,54.69691,"May 30, 19",-0.08652
2019-05-29,56.3600006,56.3699989,55.8800011,56.1699982,51.1920013,1.14551E7,1.14551E7,-5.168,-9.17,54.48067,"May 29, 19",-0.0917
2019-05-28,57.5299988,57.6699982,56.5400009,56.5800018,51.5656662,1.4043E7,1.4043E7,-5.96433,-10.367,55.25856,"May 28, 19",-0.10367
2019-05-24,57.8300018,57.8800011,57.3499985,57.5200005,52.4223633,9530800.0,9530800.0,-5.40764,-9.351,55.88412,"May 24, 19",-0.09351
2019-05-23,57.5299988,57.75,57.4099998,57.7299995,52.613739,1.7398E7,1.7398E7,-4.91626,-8.546,55.92458,"May 23, 19",-0.08546
2019-05-22,57.5099983,57.8800011,57.3899994,57.75,52.6319809,1.1102E7,1.1102E7,-4.87802,-8.482,55.96733,"May 22, 19",-0.08482
2019-05-21,57.8199997,57.8400002,57.4000015,57.4900017,52.3950195,8124100.0,8124100.0,-5.42498,-9.383,55.87834,"May 21, 19",-0.09383
2019-05-20,57.6199989,57.9399986,57.5699997,57.6100006,52.5043831,9496800.0,9496800.0,-5.11562,-8.878,56.00479,"May 20, 19",-0.08878
2019-05-17,57.6199989,58.0800018,57.6100006,57.75,52.6319809,1.54587E7,1.54587E7,-4.98802,-8.657,56.10733,"May 17, 19",-0.08657
2019-05-16,57.7900009,58.2700005,57.6300011,57.9399986,52.8051338,1.28598E7,1.28598E7,-4.98487,-8.626,56.23505,"May 16, 19",-0.08626
2019-05-15,56.9599991,57.6100006,56.8499985,57.4900017,52.3950195,9681800.0,9681800.0,-4.56498,-8.014,55.61834,"May 15, 19",-0.08014
2019-05-14,56.9300003,57.4300003,56.8400002,57.0400009,51.9848976,1.64978E7,1.64978E7,-4.9451,-8.686,55.4183,"May 14, 19",-0.08686
2019-05-13,56.7200012,56.9099998,56.5600014,56.7700005,51.7388306,1.30818E7,1.30818E7,-4.98117,-8.782,55.06961,"May 13, 19",-0.08782
2019-05-10,56.4799995,57.3899994,56.2400017,57.3100014,52.2309761,1.40296E7,1.40296E7,-4.24902,-7.523,55.28699,"May 10, 19",-0.07523
2019-05-09,56.5,56.7799988,56.1899986,56.6199989,51.6021194,2.35316E7,2.35316E7,-4.89788,-8.669,54.85737,"May 09, 19",-0.08669
2019-05-08,56.7099991,57.0600014,56.4599991,56.7400017,51.7114944,1.19402E7,1.19402E7,-4.9985,-8.814,55.07716,"May 08, 19",-0.08814
2019-05-07,57.0600014,57.1699982,56.4500008,56.75,51.7206039,2.01155E7,2.01155E7,-5.3394,-9.358,55.11353,"May 07, 19",-0.09358
2019-05-06,56.9900017,57.4199982,56.9199982,57.3199997,52.2400894,1.01003E7,1.01003E7,-4.74991,-8.335,55.5267,"May 06, 19",-0.08335
2019-05-03,57.25,57.5400009,57.1599998,57.4099998,52.3221016,1.38013E7,1.38013E7,-4.9279,-8.608,55.67403,"May 03, 19",-0.08608
2019-05-02,56.9500008,57.2099991,56.6899986,56.9799995,51.9302139,1.39259E7,1.39259E7,-5.01979,-8.814,55.27674,"May 02, 19",-0.08814
2019-05-01,57.7799988,57.8199997,57.0,57.0,51.9484406,1.19927E7,1.19927E7,-5.83156,-10.093,55.58948,"May 01, 19",-0.10093
2019-04-30,57.0800018,57.7700005,57.0200005,57.7099991,52.5955162,1.59659E7,1.59659E7,-4.48449,-7.856,55.79517,"April 30, 19",-0.07856
2019-04-29,56.9500008,57.0800018,56.8699989,57.0499992,51.9940071,7210800.0,7210800.0,-4.95599,-8.702,55.31467,"April 29, 19",-0.08702
2019-04-26,56.5299988,56.9900017,56.5,56.9799995,51.9302139,8405700.0,8405700.0,-4.59978,-8.137,55.14007,"April 26, 19",-0.08137
2019-04-25,56.5200005,56.5699997,56.2700005,56.4700012,51.4654198,9992100.0,9992100.0,-5.05458,-8.943,54.76847,"April 25, 19",-0.08943
2019-04-24,56.7400017,57.0400009,56.7000008,56.8300018,51.7935143,8221900.0,8221900.0,-4.94649,-8.718,55.17784,"April 24, 19",-0.08718
2019-04-23,56.8600006,56.9300003,56.5999985,56.7099991,51.6841469,2.04084E7,2.04084E7,-5.17585,-9.103,55.07138,"April 23, 19",-0.09103
2019-04-22,56.8600006,57.2000008,56.75,56.8899994,51.8481865,1.24321E7,1.24321E7,-5.01181,-8.814,55.26606,"April 22, 19",-0.08814
2019-04-18,57.0499992,57.1500015,56.6199989,56.8699989,51.8299637,1.06222E7,1.06222E7,-5.22004,-9.15,55.19999,"April 18, 19",-0.0915
2019-04-17,56.8400002,56.9099998,56.5600014,56.8199997,51.7843933,1.27202E7,1.27202E7,-5.05561,-8.894,55.0848,"April 17, 19",-0.08894
2019-04-16,56.6300011,56.7299995,56.3199997,56.5400009,51.5292091,9345100.0,9345100.0,-5.10079,-9.007,54.85974,"April 16, 19",-0.09007
2019-04-15,56.1800003,56.5800018,56.1699982,56.5299988,51.5200958,6505000.0,6505000.0,-4.6599,-8.295,54.7567,"April 15, 19",-0.08295
2019-04-12,56.0600014,56.2400017,55.8899994,56.2000008,51.2193489,7635700.0,7635700.0,-4.84065,-8.635,54.44978,"April 12, 19",-0.08635
2019-04-11,56.0,56.1300011,55.8199997,56.0200005,51.0552979,6444900.0,6444900.0,-4.9447,-8.83,54.3351,"April 11, 19",-0.0883
2019-04-10,55.7999992,55.9799995,55.75,55.9099998,50.95504,7060800.0,7060800.0,-4.84496,-8.683,54.22835,"April 10, 19",-0.08683
2019-04-09,55.6899986,55.7799988,55.5099983,55.75,50.8092232,1.20623E7,1.20623E7,-4.88078,-8.764,54.03307,"April 09, 19",-0.08764
2019-04-08,55.5600014,55.8300018,55.4900017,55.8199997,50.8730202,6136900.0,6136900.0,-4.68698,-8.436,54.06434,"April 08, 19",-0.08436
2019-04-05,55.4799995,55.6100006,55.3300018,55.5900002,50.6634064,9045200.0,9045200.0,-4.81659,-8.682,53.8678,"April 05, 19",-0.08682
2019-04-04,55.2299995,55.4900017,55.1800003,55.4000015,50.4902496,1.06713E7,1.06713E7,-4.73975,-8.582,53.72008,"April 04, 19",-0.08582
2019-04-03,55.3600006,55.4799995,55.0499992,55.1899986,50.2988586,1.86165E7,1.86165E7,-5.06114,-9.142,53.60962,"April 03, 19",-0.09142
2019-04-02,55.75,55.75,55.4599991,55.4599991,50.5449295,1.39648E7,1.39648E7,-5.20507,-9.336,53.91831,"April 02, 19",-0.09336
2019-04-01,56.2200012,56.2299995,55.8300018,55.9199982,50.9641609,1.37994E7,1.37994E7,-5.25584,-9.349,54.34139,"April 01, 19",-0.09349
2019-03-29,55.8400002,56.1699982,55.6899986,56.1100006,51.1373215,1.38888E7,1.38888E7,-4.70268,-8.422,54.33244,"March 29, 19",-0.08422
2019-03-28,55.5999985,55.8899994,55.5800018,55.7400017,50.8001175,1.19209E7,1.19209E7,-4.79988,-8.633,54.09004,"March 28, 19",-0.08633
2019-03-27,55.6599998,55.8199997,55.1899986,55.4700012,50.5540504,1.27404E7,1.27404E7,-5.10595,-9.173,53.85468,"March 27, 19",-0.09173
2019-03-26,55.3800011,55.8600006,55.3400002,55.6599998,50.7272072,1.28087E7,1.28087E7,-4.65279,-8.402,53.97574,"March 26, 19",-0.08402
2019-03-25,54.9799995,55.3300018,54.8499985,55.1899986,50.2988586,1.2538E7,1.2538E7,-4.68114,-8.514,53.49295,"March 25, 19",-0.08514
2019-03-22,55.0699997,55.4399986,55.0,55.0800018,50.1986046,2.10073E7,2.10073E7,-4.8714,-8.846,53.5462,"March 22, 19",-0.08846
2019-03-21,54.4099998,55.2299995,54.4099998,55.1500015,50.2624016,1.26992E7,1.26992E7,-4.1476,-7.623,53.3008,"March 21, 19",-0.07623
2019-03-20,54.7099991,54.8199997,54.3300018,54.5099983,49.6791191,1.98327E7,1.98327E7,-5.03088,-9.196,52.94304,"March 20, 19",-0.09196
2019-03-19,54.9000015,55.0200005,54.5400009,54.7400017,49.8887482,1.33594E7,1.33594E7,-5.01125,-9.128,53.14958,"March 19, 19",-0.09128
2019-03-18,54.7099991,54.8899994,54.6399994,54.7799988,49.9251823,8103700.0,8103700.0,-4.78482,-8.746,53.15173,"March 18, 19",-0.08746
2019-03-15,54.5800018,54.8499985,54.4700012,54.7000008,49.8522797,2.18469E7,2.18469E7,-4.72772,-8.662,53.05743,"March 15, 19",-0.08662
2019-03-14,54.7599983,54.8499985,54.5999985,54.6899986,49.571579,8449600.0,8449600.0,-5.18842,-9.475,53.00719,"March 14, 19",-0.09475
2019-03-13,54.4700012,54.9500008,54.4300003,54.7400017,49.6169014,1.11353E7,1.11353E7,-4.8531,-8.91,52.99897,"March 13, 19",-0.0891
2019-03-12,54.4199982,54.6199989,54.2999992,54.4300003,49.3359108,1.08418E7,1.08418E7,-5.08409,-9.342,52.75197,"March 12, 19",-0.09342
2019-03-11,53.7999992,54.4500008,53.7999992,54.4099998,49.3177834,1.05192E7,1.05192E7,-4.48222,-8.331,52.52259,"March 11, 19",-0.08331
2019-03-08,53.7299995,53.9700012,53.4500008,53.7099991,48.6832924,1.19093E7,1.19093E7,-5.04671,-9.393,52.03443,"March 08, 19",-0.09393
2019-03-07,53.9399986,54.0299988,53.5699997,53.6800003,48.6561127,1.43361E7,1.43361E7,-5.28389,-9.796,52.08537,"March 07, 19",-0.09796
2019-03-06,54.0999985,54.25,53.7999992,54.0299988,48.9733429,1.20011E7,1.20011E7,-5.12666,-9.476,52.34111,"March 06, 19",-0.09476
2019-03-05,54.1399994,54.2900009,54.0099983,54.1100006,49.0458603,1.01324E7,1.01324E7,-5.09414,-9.409,52.44862,"March 05, 19",-0.09409
2019-03-04,54.3400002,54.4399986,53.7299995,54.1500015,49.0821152,1.01136E7,1.01136E7,-5.25788,-9.676,52.41737,"March 04, 19",-0.09676
2019-03-01,54.5,54.5200005,53.8499985,54.2400017,49.1636925,1.08122E7,1.08122E7,-5.33631,-9.791,52.51123,"March 01, 19",-0.09791
2019-02-28,54.2099991,54.5499992,54.0800018,54.3400002,49.2543373,8469400.0,8469400.0,-4.95566,-9.142,52.62811,"February 28, 19",-0.09142
2019-02-27,54.0400009,54.1599998,53.8600006,54.0800018,49.0186615,1.08116E7,1.08116E7,-5.02134,-9.292,52.34622,"February 27, 19",-0.09292
2019-02-26,54.1599998,54.3899994,54.0400009,54.1599998,49.0911789,1.51144E7,1.51144E7,-5.06882,-9.359,52.50706,"February 26, 19",-0.09359
2019-02-25,54.5400009,54.7000008,54.0600014,54.1300011,49.0639877,1.51626E7,1.51626E7,-5.47601,-10.04,52.608,"February 25, 19",-0.1004
2019-02-22,54.1800003,54.4300003,54.0400009,54.4300003,49.3359108,2.47587E7,2.47587E7,-4.84409,-8.941,52.60197,"February 22, 19",-0.08941
2019-02-21,54.4399986,54.8100014,54.2799988,54.6899986,49.571579,1.17118E7,1.17118E7,-4.86842,-8.943,52.88719,"February 21, 19",-0.08943
2019-02-20,54.5800018,54.7299995,54.3600006,54.5299988,49.4265594,1.44786E7,1.44786E7,-5.15344,-9.442,52.83885,"February 20, 19",-0.09442
2019-02-19,54.4799995,54.8400002,54.3600006,54.6300011,49.5171928,1.98317E7,1.98317E7,-4.96281,-9.109,52.90573,"February 19, 19",-0.09109
2019-02-15,54.0999985,54.4500008,53.8400002,54.3499985,49.2633972,1.26354E7,1.26354E7,-4.8366,-8.94,52.5178,"February 15, 19",-0.0894
2019-02-14,53.8800011,54.0800018,53.5499992,53.8400002,48.801136,1.13885E7,1.13885E7,-5.07887,-9.426,52.14371,"February 14, 19",-0.09426
2019-02-13,54.4500008,54.6199989,54.3300018,54.4500008,49.3540344,1.08096E7,1.08096E7,-5.09597,-9.359,52.76801,"February 13, 19",-0.09359
2019-02-12,54.0400009,54.5099983,53.9599991,54.3499985,49.2633972,1.16941E7,1.16941E7,-4.7766,-8.839,52.5778,"February 12, 19",-0.08839
2019-02-11,53.8400002,53.9799995,53.6899986,53.9300003,48.8826981,6876200.0,6876200.0,-4.9573,-9.207,52.18423,"February 11, 19",-0.09207
2019-02-08,53.4300003,53.7900009,53.2299995,53.7900009,48.755806,1.11001E7,1.11001E7,-4.67419,-8.748,51.92527,"February 08, 19",-0.08748
2019-02-07,53.3499985,53.5800018,53.1699982,53.5400009,48.5292091,1.4519E7,1.4519E7,-4.82079,-9.036,51.75974,"February 07, 19",-0.09036
2019-02-06,53.4199982,53.6699982,53.4199982,53.5800018,48.565464,1.90061E7,1.90061E7,-4.85453,-9.087,51.88515,"February 06, 19",-0.09087
2019-02-05,53.5999985,53.7099991,53.4199982,53.5699997,48.5563927,1.12961E7,1.12961E7,-5.04361,-9.41,51.89546,"February 05, 19",-0.0941
2019-02-04,53.2099991,53.5600014,53.1100006,53.5600014,48.5473328,1.33675E7,1.33675E7,-4.66267,-8.763,51.73911,"February 04, 19",-0.08763
2019-02-01,53.5499992,53.5499992,53.0,53.2200012,48.2391472,1.44234E7,1.44234E7,-5.31085,-9.918,51.59638,"February 01, 19",-0.09918
2019-01-31,52.4300003,53.5299988,52.3100014,53.3899994,48.3932304,1.78865E7,1.78865E7,-4.03677,-7.699,51.41108,"January 31, 19",-0.07699
2019-01-30,52.1199989,52.5400009,52.0,52.4199982,47.5140228,1.39346E7,1.39346E7,-4.60598,-8.837,50.68467,"January 30, 19",-0.08837
2019-01-29,52.0499992,52.1800003,51.8400002,52.0699997,47.1967812,1.15004E7,1.15004E7,-4.85322,-9.324,50.40559,"January 29, 19",-0.09324
2019-01-28,51.6199989,51.9700012,51.4500008,51.9500008,47.0880127,1.09967E7,1.09967E7,-4.53199,-8.78,50.16934,"January 28, 19",-0.0878
2019-01-25,52.0999985,52.3100014,51.6599998,51.7299995,46.8885918,1.29203E7,1.29203E7,-5.21141,-10.003,50.2862,"January 25, 19",-0.10003
2019-01-24,52.3100014,52.3199997,51.5900002,51.9399986,47.078949,1.77272E7,1.77272E7,-5.23105,-10.0,50.32965,"January 24, 19",-0.1
2019-01-23,52.3699989,52.7400017,52.1199989,52.5900002,47.6681175,2.38047E7,2.38047E7,-4.70188,-8.978,50.84271,"January 23, 19",-0.08978
2019-01-22,52.3100014,52.4099998,51.5499992,51.9700012,47.1061401,2.08777E7,2.08777E7,-5.20386,-9.948,50.35538,"January 22, 19",-0.09948
2019-01-18,52.1300011,52.6100006,52.0699997,52.4500008,47.541214,1.19576E7,1.19576E7,-4.58879,-8.803,50.7404,"January 18, 19",-0.08803
2019-01-17,51.5299988,51.9399986,51.4700012,51.8300018,46.9792442,1.01964E7,1.01964E7,-4.55075,-8.831,50.12975,"January 17, 19",-0.08831
2019-01-16,51.8699989,51.8699989,51.4199982,51.6100006,46.7798309,1.34847E7,1.34847E7,-5.09017,-9.813,50.02328,"January 16, 19",-0.09813
2019-01-15,51.3699989,51.9399986,51.3400002,51.8899994,47.0336227,1.14477E7,1.14477E7,-4.33638,-8.441,50.10454,"January 15, 19",-0.08441
2019-01-14,51.5,51.6100006,51.2999992,51.3800011,46.5713615,7811500.0,7811500.0,-4.92864,-9.57,49.82712,"January 14, 19",-0.0957
2019-01-11,51.5900002,51.6599998,51.3499985,51.6300011,46.7979622,1.17324E7,1.17324E7,-4.79204,-9.289,49.93599,"January 11, 19",-0.09289
2019-01-10,51.0800018,51.5699997,50.9399986,51.4799995,46.6620026,3.24317E7,3.24317E7,-4.418,-8.649,49.724,"January 10, 19",-0.08649
2019-01-09,51.6500015,51.7000008,51.0600014,51.1800003,46.3900795,1.56845E7,1.56845E7,-5.25992,-10.184,49.71669,"January 09, 19",-0.10184
2019-01-08,51.4900017,51.7900009,51.2400017,51.6599998,46.8251457,2.82738E7,2.82738E7,-4.66486,-9.06,49.95172,"January 08, 19",-0.0906
2019-01-07,51.1300011,51.5299988,50.7299995,51.1899986,46.3991394,1.51433E7,1.51433E7,-4.73086,-9.253,49.55305,"January 07, 19",-0.09253
2019-01-04,50.5200005,51.2599983,50.4099998,51.2599983,46.4625893,1.90033E7,1.90033E7,-4.05741,-8.031,49.37753,"January 04, 19",-0.08031
2019-01-03,50.3899994,50.9099998,50.1100006,50.1899986,45.4927292,2.20748E7,2.20748E7,-4.89727,-9.719,48.83758,"January 03, 19",-0.09719
2019-01-02,50.2400017,50.6399994,49.9500008,50.4799995,45.7555847,2.0459E7,2.0459E7,-4.48442,-8.926,48.78186,"January 02, 19",-0.08926
2018-12-31,50.7000008,50.8199997,50.3100014,50.7799988,46.0275154,1.49596E7,1.49596E7,-4.67249,-9.216,49.05251,"December 31, 18",-0.09216
2018-12-28,50.9399986,51.1500015,50.3699989,50.5699997,45.837162,2.44366E7,2.44366E7,-5.10284,-10.017,49.11905,"December 28, 18",-0.10017
2018-12-27,49.7799988,50.6100006,49.0400009,50.5699997,45.837162,3.59269E7,3.59269E7,-3.94284,-7.921,48.49572,"December 27, 18",-0.07921
2018-12-26,48.8300018,50.0900002,48.3300018,50.0900002,45.4020882,2.66706E7,2.66706E7,-3.42791,-7.02,47.9407,"December 26, 18",-0.0702
2018-12-24,50.0499992,50.2200012,48.6899986,48.7299995,44.1693726,2.30868E7,2.30868E7,-5.88063,-11.75,47.69312,"December 24, 18",-0.1175
2018-12-21,50.7200012,51.8300018,50.1800003,50.1800003,45.4836655,3.84845E7,3.84845E7,-5.23634,-10.324,49.16456,"December 21, 18",-0.10324
2018-12-20,51.8699989,51.8899994,50.6800003,51.1699982,45.960434,4.3415E7,4.3415E7,-5.90956,-11.393,49.51014,"December 20, 18",-0.11393
2018-12-19,52.8600006,53.2799988,51.8600006,52.0999985,46.7957535,4.62896E7,4.62896E7,-6.06425,-11.472,50.64525,"December 19, 18",-0.11472
2018-12-18,53.3800011,53.4900017,52.3100014,52.6100006,47.2538338,2.73497E7,2.73497E7,-6.12617,-11.477,51.01795,"December 18, 18",-0.11477
2018-12-17,54.3699989,54.5,52.9199982,53.2400017,47.8196945,2.73241E7,2.73241E7,-6.5503,-12.048,51.74656,"December 17, 18",-0.12048
2018-12-14,55.0900002,55.1599998,54.3699989,54.5,48.9514198,2.02627E7,2.02627E7,-6.13858,-11.143,52.82714,"December 14, 18",-0.11143
2018-12-13,55.1699982,55.6199989,55.0999985,55.4399986,49.7957115,1.69878E7,1.69878E7,-5.37429,-9.741,53.50524,"December 13, 18",-0.09741
2018-12-12,55.5099983,55.6800003,55.0699997,55.0999985,49.4903297,1.87352E7,1.87352E7,-6.01967,-10.844,53.41344,"December 12, 18",-0.10844
2018-12-11,55.0999985,55.5699997,54.8699989,55.1699982,49.5531998,2.56774E7,2.56774E7,-5.5468,-10.067,53.33107,"December 11, 18",-0.10067
2018-12-10,55.0299988,55.0299988,53.8800011,54.7200012,49.1490097,4.4469E7,4.4469E7,-5.88099,-10.687,52.68634,"December 10, 18",-0.10687
2018-12-07,55.3699989,55.5699997,54.4799995,54.7200012,49.1490097,2.31395E7,2.31395E7,-6.22099,-11.235,53.06634,"December 07, 18",-0.11235
2018-12-06,55.1800003,55.4399986,54.25,55.4199982,49.7777443,3.2514E7,3.2514E7,-5.40226,-9.79,53.15591,"December 06, 18",-0.0979
2018-12-04,56.4099998,56.6199989,55.3300018,55.3600006,49.7238541,2.76349E7,2.76349E7,-6.68615,-11.853,53.89128,"December 04, 18",-0.11853
2018-12-03,56.4599991,56.4599991,55.7299995,56.3100014,50.5771332,2.08559E7,2.08559E7,-5.88287,-10.42,54.25571,"December 03, 18",-0.1042
2018-11-30,55.8899994,56.4000015,55.75,56.2599983,50.5322227,1.65519E7,1.65519E7,-5.35778,-9.586,54.22741,"November 30, 18",-0.09586
2018-11-29,55.7200012,56.0699997,55.6500015,55.9000015,50.2088852,1.3285E7,1.3285E7,-5.51112,-9.891,53.9763,"November 29, 18",-0.09891
2018-11-28,55.2599983,55.8199997,55.0900002,55.8100014,50.1280479,2.19737E7,2.19737E7,-5.13195,-9.287,53.67935,"November 28, 18",-0.09287
2018-11-27,54.7700005,55.3699989,54.7400017,55.3499985,49.7148743,1.59544E7,1.59544E7,-5.05513,-9.23,53.27496,"November 27, 18",-0.0923
2018-11-26,54.8699989,55.1399994,54.5900002,54.8600006,49.274765,1.31254E7,1.31254E7,-5.59523,-10.197,53.00159,"November 26, 18",-0.10197
2018-11-23,54.5499992,55.0299988,54.4199982,54.7900009,49.2118874,8700800.0,8700800.0,-5.33811,-9.786,52.88729,"November 23, 18",-0.09786
2018-11-21,55.0099983,55.1399994,54.4799995,54.5999985,49.0412331,1.66044E7,1.66044E7,-5.96877,-10.85,52.88708,"November 21, 18",-0.1085
2018-11-20,55.7999992,56.0800018,54.8899994,55.0400009,49.4364395,3.30232E7,3.30232E7,-6.36356,-11.404,53.46881,"November 20, 18",-0.11404
2018-11-19,56.0800018,56.3899994,55.7400017,55.9700012,50.271759,1.67272E7,1.67272E7,-5.80824,-10.357,54.13392,"November 19, 18",-0.10357
2018-11-16,55.8899994,56.2799988,55.6899986,56.0600014,50.3525887,1.52128E7,1.52128E7,-5.53741,-9.908,54.10753,"November 16, 18",-0.09908
2018-11-15,55.8199997,55.9199982,55.3899994,55.9199982,50.2268372,2.56047E7,2.56047E7,-5.59316,-10.02,53.84561,"November 15, 18",-0.1002
2018-11-14,56.4900017,56.4900017,55.7400017,56.0099983,50.3076782,1.75776E7,1.75776E7,-6.18232,-10.944,54.17923,"November 14, 18",-0.10944
2018-11-13,56.5499992,56.7599983,56.1199989,56.3899994,50.6489983,2.31465E7,2.31465E7,-5.901,-10.435,54.50967,"November 13, 18",-0.10435
2018-11-12,56.6599998,56.9799995,56.4099998,56.5200005,50.7657661,1.59507E7,1.59507E7,-5.89423,-10.403,54.71859,"November 12, 18",-0.10403
2018-11-09,56.4700012,57.0,56.4700012,56.8199997,51.0352135,1.85109E7,1.85109E7,-5.43479,-9.624,54.83507,"November 09, 18",-0.09624
2018-11-08,56.1800003,56.5800018,56.1699982,56.4900017,50.7388191,1.28902E7,1.28902E7,-5.44118,-9.685,54.49627,"November 08, 18",-0.09685
2018-11-07,56.3699989,56.4799995,55.8699989,56.4599991,50.7118683,1.50671E7,1.50671E7,-5.65813,-10.037,54.35396,"November 07, 18",-0.10037
2018-11-06,55.7900009,56.1599998,55.5999985,56.1399994,50.4244423,1.56265E7,1.56265E7,-5.36556,-9.617,54.06148,"November 06, 18",-0.09617
2018-11-05,55.2000008,55.9500008,55.1199989,55.7999992,50.1190605,1.99722E7,1.99722E7,-5.08094,-9.205,53.72969,"November 05, 18",-0.09205
2018-11-02,55.4000015,55.4700012,54.6300011,55.1100006,49.4993134,2.87041E7,2.87041E7,-5.90069,-10.651,53.19977,"November 02, 18",-0.10651
2018-11-01,55.1300011,55.5699997,54.8499985,55.4000015,49.7597847,2.25898E7,2.25898E7,-5.37022,-9.741,53.39326,"November 01, 18",-0.09741
2018-10-31,55.5200005,55.5200005,54.5699997,55.0099983,49.4094963,3.01351E7,3.01351E7,-6.1105,-11.006,53.1665,"October 31, 18",-0.11006
2018-10-30,54.8199997,55.5800018,54.6800003,55.5299988,49.8765488,3.31481E7,3.31481E7,-4.94345,-9.018,53.37885,"October 30, 18",-0.09018
2018-10-29,54.2000008,54.8300018,53.9500008,54.4500008,48.906498,3.16875E7,3.16875E7,-5.2935,-9.767,52.56217,"October 29, 18",-0.09767
2018-10-26,54.5,54.6500015,53.5900002,53.8300018,48.3496284,3.93106E7,3.93106E7,-6.15037,-11.285,52.19654,"October 26, 18",-0.11285
2018-10-25,54.6199989,55.0800018,54.1500015,54.8800011,49.2927208,3.00182E7,3.00182E7,-5.32728,-9.753,52.84091,"October 25, 18",-0.09753
2018-10-24,54.5600014,55.5200005,54.4000015,54.75,49.1759529,3.67619E7,3.67619E7,-5.38405,-9.868,53.03198,"October 24, 18",-0.09868
2018-10-23,53.9599991,54.6599998,53.6500015,54.5200005,48.9693756,3.04666E7,3.04666E7,-4.99062,-9.249,52.42646,"October 23, 18",-0.09249
2018-10-22,54.7900009,54.8600006,54.1300011,54.2799988,48.7538071,1.66457E7,1.66457E7,-6.03619,-11.017,52.58127,"October 22, 18",-0.11017
2018-10-19,54.0800018,54.8499985,54.0800018,54.6899986,49.1220703,2.83123E7,2.83123E7,-4.95793,-9.168,52.68402,"October 19, 18",-0.09168
2018-10-18,53.5999985,54.0800018,53.2999992,53.4700012,48.0262794,1.93703E7,1.93703E7,-5.57372,-10.399,51.80209,"October 18, 18",-0.10399
2018-10-17,53.2400017,53.6599998,53.0499992,53.5400009,48.0891533,1.58378E7,1.58378E7,-5.15085,-9.675,51.59972,"October 17, 18",-0.09675
2018-10-16,52.8300018,53.3699989,52.6399994,53.2900009,47.8646011,1.54686E7,1.54686E7,-4.9654,-9.399,51.29153,"October 16, 18",-0.09399
2018-10-15,52.2299995,53.0800018,52.2299995,52.7000008,47.3346672,1.5892E7,1.5892E7,-4.89533,-9.373,50.88156,"October 15, 18",-0.09373
2018-10-12,52.3100014,52.5600014,51.9199982,52.3800011,47.047245,2.6263E7,2.6263E7,-5.26276,-10.061,50.50908,"October 12, 18",-0.10061
2018-10-11,53.2599983,53.5400009,51.9199982,52.0900002,46.7867699,4.45232E7,4.45232E7,-6.47323,-12.154,50.74892,"October 11, 18",-0.12154
2018-10-10,53.8800011,54.2900009,53.3199997,53.4099998,47.9723854,2.61216E7,2.61216E7,-5.90762,-10.964,51.8608,"October 10, 18",-0.10964
2018-10-09,54.2000008,54.3199997,53.9300003,54.0600014,48.5562096,1.34772E7,1.34772E7,-5.64379,-10.413,52.26874,"October 09, 18",-0.10413
2018-10-08,53.3899994,54.25,53.3899994,54.1800003,48.6639977,1.49083E7,1.49083E7,-4.726,-8.852,52.10133,"October 08, 18",-0.08852
2018-10-05,53.3800011,53.6500015,53.3600006,53.4399986,47.9993324,1.39031E7,1.39031E7,-5.38067,-10.08,51.66978,"October 05, 18",-0.1008
2018-10-04,53.4700012,53.5699997,53.0900002,53.4900017,48.044239,1.9964E7,1.9964E7,-5.42576,-10.147,51.56808,"October 04, 18",-0.10147
2018-10-03,54.3199997,54.3800011,53.5499992,53.6199989,48.1609993,1.51927E7,1.51927E7,-6.159,-11.338,52.03033,"October 03, 18",-0.11338
2018-10-02,53.8600006,54.3199997,53.7299995,54.2000008,48.6819534,9592400.0,9592400.0,-5.17805,-9.614,52.24398,"October 02, 18",-0.09614
2018-10-01,54.0099983,54.0900002,53.8300018,53.8899994,48.4035149,8725500.0,8725500.0,-5.60648,-10.38,52.10784,"October 01, 18",-0.1038
2018-09-28,53.7900009,54.0,53.7400017,53.9300003,48.4394417,9249700.0,9249700.0,-5.35056,-9.947,52.05981,"September 28, 18",-0.09947
2018-09-27,53.7400017,54.2000008,53.5900002,53.8499985,48.367588,8892800.0,8892800.0,-5.37241,-9.997,52.05253,"September 27, 18",-0.09997
2018-09-26,54.0200005,54.3300018,53.8499985,53.9199982,48.4304504,1.03699E7,1.03699E7,-5.58955,-10.347,52.20348,"September 26, 18",-0.10347
2018-09-25,54.3400002,54.4599991,53.8300018,53.8600006,48.3765717,8348300.0,8348300.0,-5.96343,-10.974,52.22219,"September 25, 18",-0.10974
2018-09-24,54.8300018,54.9500008,54.1399994,54.1800003,48.6639977,1.06487E7,1.06487E7,-6.166,-11.246,52.58467,"September 24, 18",-0.11246
2018-09-21,55.0200005,55.1100006,54.9099998,55.0200005,49.4184723,1.03079E7,1.03079E7,-5.60153,-10.181,53.14616,"September 21, 18",-0.10181
2018-09-20,54.7799988,55.3300018,54.7799988,55.3199997,49.3394318,1.18178E7,1.18178E7,-5.44057,-9.932,53.14981,"September 20, 18",-0.09932
2018-09-19,54.6800003,54.9099998,54.5499992,54.6300011,48.7240334,7791600.0,7791600.0,-5.95597,-10.892,52.72801,"September 19, 18",-0.10892
2018-09-18,54.9099998,54.9300003,54.5099983,54.7299995,48.8132133,1.56385E7,1.56385E7,-6.09679,-11.103,52.75107,"September 18, 18",-0.11103
2018-09-17,54.7200012,54.9799995,54.5999985,54.9599991,49.0183487,1.02796E7,1.02796E7,-5.70165,-10.42,52.86612,"September 17, 18",-0.1042
2018-09-14,54.8600006,54.8699989,54.4799995,54.7599983,48.8399696,8925200.0,8925200.0,-6.02003,-10.973,52.72999,"September 14, 18",-0.10973
2018-09-13,55.0099983,55.0299988,54.5999985,54.9099998,48.9737549,9746500.0,9746500.0,-6.03624,-10.973,52.86792,"September 13, 18",-0.10973
2018-09-12,54.3600006,55.1100006,54.3300018,54.9900017,49.0451126,1.522E7,1.522E7,-5.31489,-9.777,52.82837,"September 12, 18",-0.09777
2018-09-11,54.4900017,54.5499992,54.2400017,54.3600006,48.4832191,8121600.0,8121600.0,-6.00678,-11.024,52.42441,"September 11, 18",-0.11024
2018-09-10,54.5,54.8800011,54.5,54.5600014,48.6615944,8361600.0,8361600.0,-5.83841,-10.713,52.68053,"September 10, 18",-0.10713
2018-09-07,54.3100014,54.4099998,53.9900017,54.3699989,48.4921379,9247300.0,9247300.0,-5.81786,-10.712,52.29738,"September 07, 18",-0.10712
2018-09-06,54.3100014,54.5099983,54.1300011,54.4799995,48.5902367,1.23338E7,1.23338E7,-5.71976,-10.532,52.41008,"September 06, 18",-0.10532
2018-09-05,53.5499992,54.3300018,53.4900017,54.3300018,48.4564705,1.47238E7,1.47238E7,-5.09353,-9.512,52.09216,"September 05, 18",-0.09512
2018-09-04,53.7099991,53.9399986,53.5600014,53.7099991,47.9034843,9571100.0,9571100.0,-5.80651,-10.811,51.80116,"September 04, 18",-0.10811
2018-08-31,53.7999992,53.9700012,53.5600014,53.7799988,47.9659157,1.04729E7,1.04729E7,-5.83408,-10.844,51.83197,"August 31, 18",-0.10844
2018-08-30,53.8899994,54.0699997,53.6899986,53.7999992,47.9837608,1.10925E7,1.10925E7,-5.90624,-10.96,51.91459,"August 30, 18",-0.1096
2018-08-29,53.9900017,54.0699997,53.8499985,53.9700012,48.1353912,8681000.0,8681000.0,-5.85461,-10.844,52.01846,"August 29, 18",-0.10844
2018-08-28,54.0800018,54.2400017,53.8300018,53.9099998,48.0818596,1.26215E7,1.26215E7,-5.99814,-11.091,52.05062,"August 28, 18",-0.11091
2018-08-27,54.1500015,54.3199997,53.8800011,54.0900002,48.2423973,1.06316E7,1.06316E7,-5.9076,-10.91,52.14747,"August 27, 18",-0.1091
2018-08-24,54.0999985,54.2099991,53.9000015,54.0600014,48.2156448,9570500.0,9570500.0,-5.88435,-10.877,52.10855,"August 24, 18",-0.10877
2018-08-23,54.0999985,54.2599983,53.9700012,54.1300011,48.27808,1.07143E7,1.07143E7,-5.82192,-10.761,52.16936,"August 23, 18",-0.10761
2018-08-22,54.5499992,54.6599998,54.1899986,54.2599983,48.3940163,1.35739E7,1.35739E7,-6.15598,-11.285,52.41467,"August 22, 18",-0.11285
2018-08-21,54.9700012,55.0499992,54.3899994,54.5999985,48.6972694,1.38062E7,1.38062E7,-6.27273,-11.411,52.71242,"August 21, 18",-0.11411
2018-08-20,55.0900002,55.3100014,54.9300003,54.9900017,49.0451126,1.01896E7,1.01896E7,-6.04489,-10.973,53.09504,"August 20, 18",-0.10973
2018-08-17,54.5499992,55.0800018,54.4399986,55.0200005,49.0718651,1.30376E7,1.30376E7,-5.47813,-10.042,52.86396,"August 17, 18",-0.10042
2018-08-16,54.3800011,54.7599983,54.2999992,54.5999985,48.6972694,1.55261E7,1.55261E7,-5.68273,-10.45,52.58576,"August 16, 18",-0.1045
2018-08-15,53.4500008,53.8699989,53.1500015,53.8300018,48.0105095,1.55926E7,1.55926E7,-5.43949,-10.177,51.67684,"August 15, 18",-0.10177
2018-08-14,53.3100014,53.6599998,53.2799988,53.6100006,47.8143005,8882500.0,8882500.0,-5.4957,-10.309,51.58477,"August 14, 18",-0.10309
2018-08-13,53.3300018,53.4399986,53.0,53.2400017,47.4842949,8696600.0,8696600.0,-5.84571,-10.961,51.3081,"August 13, 18",-0.10961
2018-08-10,53.2799988,53.4599991,53.1300011,53.2400017,47.4842949,1.34592E7,1.34592E7,-5.7957,-10.878,51.3581,"August 10, 18",-0.10878
2018-08-09,53.6100006,53.7000008,53.3699989,53.4399986,47.662674,8047000.0,8047000.0,-5.94733,-11.094,51.57756,"August 09, 18",-0.11094
2018-08-08,53.9799995,54.0200005,53.5800018,53.5999985,47.8053741,1.25918E7,1.25918E7,-6.17463,-11.439,51.80179,"August 08, 18",-0.11439
2018-08-07,54.2900009,54.3600006,53.8199997,54.0099983,48.171051,1.37661E7,1.37661E7,-6.11895,-11.271,52.11702,"August 07, 18",-0.11271
2018-08-06,54.3199997,54.5099983,54.2200012,54.3400002,48.4653816,1.34121E7,1.34121E7,-5.85462,-10.778,52.39846,"August 06, 18",-0.10778
2018-08-03,53.7900009,54.5499992,53.75,54.2900009,48.420784,2.04185E7,2.04185E7,-5.36922,-9.982,52.24026,"August 03, 18",-0.09982
2018-08-02,53.0299988,53.7299995,53.0,53.6599998,47.8588905,1.59029E7,1.59029E7,-5.17111,-9.751,51.52963,"August 02, 18",-0.09751
2018-08-01,53.4099998,53.5,53.0299988,53.1199989,47.3772736,1.49176E7,1.49176E7,-6.03273,-11.295,51.30242,"August 01, 18",-0.11295
2018-07-31,53.4900017,53.7599983,53.1800003,53.5699997,47.7786179,1.78984E7,1.78984E7,-5.71138,-10.677,51.57287,"July 31, 18",-0.10677
2018-07-30,53.2400017,53.4500008,53.0,53.3199997,47.5556488,1.21439E7,1.21439E7,-5.68435,-10.677,51.33522,"July 30, 18",-0.10677
2018-07-27,53.2799988,53.6399994,53.1899986,53.3800011,47.6091614,1.34144E7,1.34144E7,-5.67084,-10.643,51.47972,"July 27, 18",-0.10643
2018-07-26,53.2400017,53.7599983,53.1699982,53.3100014,47.54673,1.51294E7,1.51294E7,-5.69327,-10.694,51.49224,"July 26, 18",-0.10694
2018-07-25,52.7000008,53.0699997,52.5900002,53.0299988,47.2969971,1.52584E7,1.52584E7,-5.403,-10.252,50.98567,"July 25, 18",-0.10252
2018-07-24,52.4099998,52.7299995,52.3199997,52.6300011,46.9402542,1.59877E7,1.59877E7,-5.46975,-10.436,50.66342,"July 24, 18",-0.10436
2018-07-23,52.7599983,52.8899994,52.3699989,52.5299988,46.8510513,1.33372E7,1.33372E7,-5.90895,-11.2,50.70368,"July 23, 18",-0.112
2018-07-20,52.4399986,52.8899994,52.3499985,52.8600006,47.1453819,1.78957E7,1.78957E7,-5.29462,-10.097,50.79513,"July 20, 18",-0.10097
2018-07-19,52.1699982,52.7700005,52.0699997,52.5400009,46.8599777,1.50928E7,1.50928E7,-5.31002,-10.178,50.56666,"July 19, 18",-0.10178
2018-07-18,52.8800011,52.9300003,52.4700012,52.5099983,46.8332214,1.04742E7,1.04742E7,-6.04678,-11.435,50.74441,"July 18, 18",-0.11435
2018-07-17,52.4599991,53.0,52.4599991,52.9399986,47.2167244,1.47593E7,1.47593E7,-5.24327,-9.995,50.89224,"July 17, 18",-0.09995
2018-07-16,52.7000008,52.7299995,52.3400002,52.4900017,46.8153839,1.03474E7,1.03474E7,-5.88462,-11.166,50.62846,"July 16, 18",-0.11166
2018-07-13,52.4300003,52.7999992,52.4099998,52.7400017,47.0383568,1.40535E7,1.40535E7,-5.39164,-10.284,50.74945,"July 13, 18",-0.10284
2018-07-12,52.6199989,52.7099991,52.2299995,52.4000015,46.7351074,1.10023E7,1.10023E7,-5.88489,-11.184,50.55837,"July 12, 18",-0.11184
2018-07-11,52.5800018,52.6300011,52.2900009,52.4700012,46.7975426,1.14846E7,1.14846E7,-5.78246,-10.997,50.57251,"July 11, 18",-0.10997
2018-07-10,52.1500015,52.6699982,52.0400009,52.6399994,46.9491692,1.52803E7,1.52803E7,-5.20083,-9.973,50.55306,"July 10, 18",-0.09973
2018-07-09,52.2599983,52.3400002,51.9599991,52.0200005,46.3961868,1.51179E7,1.51179E7,-5.86381,-11.22,50.23206,"July 09, 18",-0.1122
2018-07-06,52.1199989,52.4300003,52.0,52.2200012,46.5745583,1.23351E7,1.23351E7,-5.54544,-10.64,50.33485,"July 06, 18",-0.1064
2018-07-05,51.5699997,52.0900002,51.4700012,52.0600014,46.4318657,1.16998E7,1.16998E7,-5.13813,-9.963,49.99729,"July 05, 18",-0.09963
2018-07-03,51.4300003,51.6199989,51.2700005,51.3499985,45.7986298,7736300.0,7736300.0,-5.63137,-10.95,49.56288,"July 03, 18",-0.1095
2018-07-02,51.2999992,51.5299988,50.9000015,51.2299995,45.6915932,1.32555E7,1.32555E7,-5.60841,-10.933,49.37386,"July 02, 18",-0.10933
2018-06-29,51.5900002,51.8100014,51.2999992,51.5299988,45.9591599,1.30183E7,1.30183E7,-5.63084,-10.915,49.68972,"June 29, 18",-0.10915
2018-06-28,51.4399986,51.6800003,51.3600006,51.5600014,45.9859123,1.31774E7,1.31774E7,-5.45409,-10.603,49.6753,"June 28, 18",-0.10603
2018-06-27,51.5999985,52.0400009,51.3499985,51.5600014,45.9859123,1.98624E7,1.98624E7,-5.61409,-10.88,49.79197,"June 27, 18",-0.1088
2018-06-26,51.9000015,52.0,51.4300003,51.6699982,46.0840225,1.40473E7,1.40473E7,-5.81598,-11.206,49.83801,"June 26, 18",-0.11206
2018-06-25,51.5099983,51.9700012,51.5,51.8899994,46.2802353,2.21242E7,2.21242E7,-5.22976,-10.153,49.91675,"June 25, 18",-0.10153
2018-06-22,51.3300018,51.7200012,51.3199997,51.6300011,46.0483475,9938300.0,9938300.0,-5.28165,-10.29,49.69612,"June 22, 18",-0.1029
2018-06-21,51.1800003,51.3800011,51.0699997,51.2099991,45.6737633,1.32727E7,1.32727E7,-5.50624,-10.759,49.37459,"June 21, 18",-0.10759
2018-06-20,51.2099991,51.2200012,50.8899994,51.1100006,45.584568,9562500.0,9562500.0,-5.62543,-10.985,49.23152,"June 20, 18",-0.10985
2018-06-19,50.5999985,51.1500015,50.5699997,51.0600014,45.5399742,1.26392E7,1.26392E7,-5.06002,-10.0,49.08666,"June 19, 18",-0.1
2018-06-18,51.3699989,51.3899994,50.5600014,50.7900009,45.2991676,2.16273E7,2.16273E7,-6.07083,-11.818,49.08306,"June 18, 18",-0.11818
2018-06-15,50.8400002,51.5699997,50.7400017,51.5400009,45.9680824,1.72178E7,1.72178E7,-4.87192,-9.583,49.42603,"June 15, 18",-0.09583
2018-06-14,51.25,51.3199997,51.0600014,51.2799988,45.3847847,9751300.0,9751300.0,-5.86522,-11.444,49.25493,"June 14, 18",-0.11444
2018-06-13,51.3400002,51.4199982,51.0299988,51.1899986,45.30513,1.5696E7,1.5696E7,-6.03487,-11.755,49.25171,"June 13, 18",-0.11755
2018-06-12,51.2799988,51.3800011,51.0099983,51.3499985,45.446743,1.13622E7,1.13622E7,-5.83326,-11.375,49.27891,"June 12, 18",-0.11375
2018-06-11,50.8699989,51.3499985,50.8699989,51.25,45.358242,1.31996E7,1.31996E7,-5.51176,-10.835,49.19275,"June 11, 18",-0.10835
2018-06-08,50.2299995,50.8600006,50.2299995,50.8300018,44.986515,1.70815E7,1.70815E7,-5.24348,-10.439,48.69217,"June 08, 18",-0.10439
2018-06-07,49.7700005,50.4700012,49.7000008,50.2099991,44.4377975,1.66185E7,1.66185E7,-5.3322,-10.714,48.2026,"June 07, 18",-0.10714
2018-06-06,49.8600006,49.9000015,49.5499992,49.9000015,44.1634293,1.2071E7,1.2071E7,-5.69657,-11.425,47.87114,"June 06, 18",-0.11425
2018-06-05,50.1100006,50.1399994,49.6800003,49.8400002,44.1103249,8980900.0,8980900.0,-5.99968,-11.973,47.97677,"June 05, 18",-0.11973
2018-06-04,49.7599983,50.1300011,49.7599983,50.0699997,44.3138924,1.16652E7,1.16652E7,-5.44611,-10.945,48.06796,"June 04, 18",-0.10945
2018-06-01,49.7999992,49.8899994,49.5299988,49.6599998,43.9510193,1.09446E7,1.09446E7,-5.84898,-11.745,47.79034,"June 01, 18",-0.11745
2018-05-31,50.3800011,50.4300003,49.4700012,49.6599998,43.9510193,1.8603E7,1.8603E7,-6.42898,-12.761,47.95034,"May 31, 18",-0.12761
2018-05-30,49.9599991,50.5600014,49.7999992,50.4700012,44.6679001,1.76281E7,1.76281E7,-5.2921,-10.593,48.34263,"May 30, 18",-0.10593
2018-05-29,49.7000008,49.9900017,49.5499992,49.7700005,44.048378,1.49593E7,1.49593E7,-5.65162,-11.371,47.86279,"May 29, 18",-0.11371
2018-05-25,49.8100014,50.2000008,49.7400017,49.8800011,44.1457329,1.29135E7,1.29135E7,-5.66427,-11.372,48.02858,"May 25, 18",-0.11372
2018-05-24,49.8400002,49.9300003,49.5499992,49.7999992,44.0749245,9843800.0,9843800.0,-5.76508,-11.567,47.85164,"May 24, 18",-0.11567
2018-05-23,49.5499992,49.8899994,49.4799995,49.8400002,44.1103249,1.81362E7,1.81362E7,-5.43967,-10.978,47.82677,"May 23, 18",-0.10978
2018-05-22,49.8400002,50.0900002,49.5699997,49.6599998,43.9510193,9383800.0,9383800.0,-5.88898,-11.816,47.87034,"May 22, 18",-0.11816
2018-05-21,49.7299995,49.9199982,49.5999985,49.75,44.0306778,7928400.0,7928400.0,-5.69932,-11.461,47.85022,"May 21, 18",-0.11461
2018-05-18,49.7299995,49.8100014,49.3499985,49.5400009,43.8448181,1.56647E7,1.56647E7,-5.88518,-11.834,47.66827,"May 18, 18",-0.11834
2018-05-17,49.8300018,49.9700012,49.6800003,49.8499985,44.1191788,1.95729E7,1.95729E7,-5.71082,-11.461,47.92306,"May 17, 18",-0.11461
2018-05-16,49.4799995,49.7999992,49.4099998,49.6800003,43.9687233,1.21513E7,1.21513E7,-5.51128,-11.138,47.72624,"May 16, 18",-0.11138
2018-05-15,49.2799988,49.4599991,49.0600014,49.3300018,43.6589546,2.26869E7,2.26869E7,-5.62104,-11.406,47.39299,"May 15, 18",-0.11406
2018-05-14,49.6100006,49.7000008,49.4399986,49.5200005,43.8271255,6708100.0,6708100.0,-5.78288,-11.657,47.65571,"May 14, 18",-0.11657
2018-05-11,49.6300011,49.8800011,49.3899994,49.5400009,43.8448181,1.00652E7,1.00652E7,-5.78518,-11.657,47.70494,"May 11, 18",-0.11657
2018-05-10,49.4799995,49.7900009,49.4099998,49.5400009,43.8448181,1.02427E7,1.02427E7,-5.63518,-11.389,47.68161,"May 10, 18",-0.11389
2018-05-09,49.0900002,49.3699989,48.9900017,49.25,43.5881577,9228200.0,9228200.0,-5.50184,-11.208,47.31605,"May 09, 18",-0.11208
2018-05-08,49.2700005,49.3199997,48.9599991,49.1800003,43.5262032,8290800.0,8290800.0,-5.7438,-11.658,47.26873,"May 08, 18",-0.11658
2018-05-07,49.7999992,49.8899994,49.2700005,49.3800011,43.7032127,9665300.0,9665300.0,-6.09679,-12.243,47.62107,"May 07, 18",-0.12243
2018-05-04,48.9399986,49.9399986,48.8899994,49.6899986,43.9775696,1.31324E7,1.31324E7,-4.96243,-10.14,47.60252,"May 04, 18",-0.1014
2018-05-03,49.1500015,49.2599983,48.7599983,48.9799995,43.3492012,1.66344E7,1.66344E7,-5.8008,-11.802,47.12307,"May 03, 18",-0.11802
2018-05-02,49.8699989,49.9199982,48.9199982,49.0299988,43.3934479,1.88189E7,1.88189E7,-6.47655,-12.987,47.41115,"May 02, 18",-0.12987
2018-05-01,50.2599983,50.2900009,49.6599998,50.0099983,44.260788,1.09271E7,1.09271E7,-5.99921,-11.936,48.07026,"May 01, 18",-0.11936
2018-04-30,50.8600006,51.0900002,50.3600006,50.4500008,44.6502075,1.38927E7,1.38927E7,-6.20979,-12.21,48.70007,"April 30, 18",-0.1221
2018-04-27,50.3899994,50.9399986,50.3400002,50.7700005,44.9334145,1.10961E7,1.10961E7,-5.45658,-10.829,48.7378,"April 27, 18",-0.10829
2018-04-26,50.3100014,50.7000008,50.1500015,50.5,44.694458,1.10099E7,1.10099E7,-5.61554,-11.162,48.51482,"April 26, 18",-0.11162
2018-04-25,50.0900002,50.4099998,49.8899994,50.2000008,44.4289436,1.90125E7,1.90125E7,-5.66106,-11.302,48.24298,"April 25, 18",-0.11302
2018-04-24,50.5200005,50.5800018,49.7599983,50.1100006,44.3492966,1.87715E7,1.87715E7,-6.1707,-12.214,48.22977,"April 24, 18",-0.12214
2018-04-23,50.5299988,50.5800018,50.2000008,50.4300003,44.6325073,1.23449E7,1.23449E7,-5.89749,-11.671,48.47084,"April 23, 18",-0.11671
2018-04-20,51.2299995,51.4000015,50.3400002,50.4900017,44.6856003,1.91027E7,1.91027E7,-6.5444,-12.775,48.80853,"April 20, 18",-0.12775
2018-04-19,52.1599998,52.2000008,51.0800018,51.3499985,45.446743,2.36431E7,2.36431E7,-6.71326,-12.871,49.57558,"April 19, 18",-0.12871
2018-04-18,53.2400017,53.3600006,52.7799988,52.8800011,46.8008423,1.44966E7,1.44966E7,-6.43916,-12.095,50.98028,"April 18, 18",-0.12095
2018-04-17,53.2999992,53.4099998,52.9900017,53.2799988,47.1548653,8131300.0,8131300.0,-6.14513,-11.529,51.18496,"April 17, 18",-0.11529
2018-04-16,52.7299995,53.4599991,52.6599998,53.1599998,47.0486679,7804700.0,7804700.0,-5.68133,-10.774,51.05622,"April 16, 18",-0.10774
2018-04-13,52.5499992,52.6899986,52.3300018,52.5900002,46.5441933,8836700.0,8836700.0,-6.00581,-11.429,50.5214,"April 13, 18",-0.11429
2018-04-12,52.6300011,52.7900009,52.2999992,52.3300018,46.3140831,9843700.0,9843700.0,-6.31592,-12.001,50.46803,"April 12, 18",-0.12001
2018-04-11,52.3600006,52.6800003,52.2999992,52.4099998,46.3848763,9025200.0,9025200.0,-5.97512,-11.412,50.45496,"April 11, 18",-0.11412
2018-04-10,52.6899986,52.7799988,52.2299995,52.5099983,46.4733849,1.30419E7,1.30419E7,-6.21661,-11.798,50.49446,"April 10, 18",-0.11798
2018-04-09,52.5800018,52.9199982,52.2400017,52.3899994,46.3671761,1.46867E7,1.46867E7,-6.21283,-11.816,50.50906,"April 09, 18",-0.11816
2018-04-06,52.7999992,53.2299995,52.1599998,52.4199982,46.3937225,1.31134E7,1.31134E7,-6.40628,-12.133,50.59457,"April 06, 18",-0.12133
2018-04-05,52.9199982,53.1699982,52.6399994,52.9599991,46.8716545,1.82358E7,1.82358E7,-6.04834,-11.429,50.89388,"April 05, 18",-0.11429
2018-04-04,51.6899986,53.0200005,51.6300011,52.8300018,46.7565994,2.80125E7,2.80125E7,-4.9334,-9.544,50.46887,"April 04, 18",-0.09544
2018-04-03,51.5699997,52.1500015,51.4099998,52.0200005,46.039711,2.48606E7,2.48606E7,-5.53029,-10.724,49.86657,"April 03, 18",-0.10724
2018-04-02,52.4700012,52.5699997,51.1100006,51.3400002,45.4378853,2.86048E7,2.86048E7,-7.03212,-13.402,49.70596,"April 02, 18",-0.13402
2018-03-29,52.4799995,52.9500008,52.4799995,52.6300011,46.5795975,1.32728E7,1.32728E7,-5.9004,-11.243,50.66987,"March 29, 18",-0.11243
2018-03-28,51.7299995,52.5299988,51.7099991,52.2700005,46.2609711,3.23975E7,3.23975E7,-5.46903,-10.572,50.16699,"March 28, 18",-0.10572
2018-03-27,51.6800003,52.0999985,51.3300018,51.5600014,45.6325874,1.73268E7,1.73268E7,-6.04741,-11.702,49.68753,"March 27, 18",-0.11702
2018-03-26,51.2400017,51.6399994,51.0800018,51.5900002,45.6591454,1.23747E7,1.23747E7,-5.58086,-10.892,49.45972,"March 26, 18",-0.10892
2018-03-23,51.6800003,51.8899994,50.8100014,50.8600006,45.013073,1.59364E7,1.59364E7,-6.66693,-12.9,49.23769,"March 23, 18",-0.129
2018-03-22,51.7799988,52.1899986,51.4599991,51.5,45.5794907,1.55841E7,1.55841E7,-6.20051,-11.975,49.74316,"March 22, 18",-0.11975
2018-03-21,52.2900009,52.5,51.8199997,51.9300003,45.9600563,1.70285E7,1.70285E7,-6.32994,-12.105,50.09335,"March 21, 18",-0.12105
2018-03-20,52.8100014,53.0200005,52.4099998,52.5800018,46.5353279,9888200.0,9888200.0,-6.27467,-11.882,50.65511,"March 20, 18",-0.11882
2018-03-19,53.2099991,53.3100014,52.5400009,52.7299995,46.668087,1.07147E7,1.07147E7,-6.54191,-12.295,50.83936,"March 19, 18",-0.12295
2018-03-16,53.2299995,53.5600014,53.2000008,53.25,47.1283112,9629100.0,9629100.0,-6.10169,-11.463,51.2961,"March 16, 18",-0.11463
2018-03-15,53.8400002,54.0800018,53.3800011,53.5299988,47.111496,9280100.0,9280100.0,-6.7285,-12.497,51.52383,"March 15, 18",-0.12497
2018-03-14,54.5900002,54.5999985,53.7999992,53.9099998,47.4459343,1.3519E7,1.3519E7,-7.14407,-13.087,51.94864,"March 14, 18",-0.13087
2018-03-13,54.6699982,54.7700005,54.3699989,54.4599991,47.9299889,1.24061E7,1.24061E7,-6.74001,-12.329,52.35666,"March 13, 18",-0.12329
2018-03-12,54.6199989,54.9099998,54.4000015,54.5,47.9651947,1.09157E7,1.09157E7,-6.6548,-12.184,52.42507,"March 12, 18",-0.12184
2018-03-09,54.4000015,54.6100006,54.2000008,54.5999985,48.0531998,1.14868E7,1.14868E7,-6.3468,-11.667,52.28773,"March 09, 18",-0.11667
2018-03-08,53.7900009,54.2700005,53.7000008,54.25,47.745163,1.07251E7,1.07251E7,-6.04484,-11.238,51.90505,"March 08, 18",-0.11238
2018-03-07,53.7400017,53.9700012,53.4700012,53.7599983,47.3139114,1.25929E7,1.25929E7,-6.42609,-11.958,51.58464,"March 07, 18",-0.11958
2018-03-06,54.2299995,54.2999992,53.8199997,54.25,47.745163,2.07843E7,2.07843E7,-6.48484,-11.958,51.95505,"March 06, 18",-0.11958
2018-03-05,53.4500008,54.2700005,53.4500008,54.2099991,47.7099533,1.88597E7,1.88597E7,-5.74005,-10.739,51.80998,"March 05, 18",-0.10739
2018-03-02,53.0900002,53.8300018,52.9700012,53.7400017,47.2963181,2.59654E7,2.59654E7,-5.79368,-10.913,51.36544,"March 02, 18",-0.10913
2018-03-01,53.2799988,53.7900009,52.8199997,53.2900009,46.9002724,2.78086E7,2.78086E7,-6.37973,-11.974,51.17009,"March 01, 18",-0.11974
2018-02-28,54.2900009,54.3199997,53.4099998,53.4099998,47.0058784,1.37264E7,1.37264E7,-7.28412,-13.417,51.57863,"February 28, 18",-0.13417
2018-02-27,54.7200012,54.8499985,53.9599991,53.9700012,47.4987373,9832600.0,9832600.0,-7.22126,-13.197,52.10291,"February 27, 18",-0.13197
2018-02-26,54.4399986,54.7299995,54.2900009,54.6899986,48.1324043,1.01004E7,1.01004E7,-6.30759,-11.586,52.38413,"February 26, 18",-0.11586
2018-02-23,53.9399986,54.3600006,53.75,54.3499985,47.8331642,1.03211E7,1.03211E7,-6.10683,-11.322,51.98105,"February 23, 18",-0.11322
2018-02-22,53.7999992,54.2299995,53.7299995,53.8300018,47.375515,1.02392E7,1.02392E7,-6.42448,-11.941,51.7785,"February 22, 18",-0.11941
2018-02-21,54.4199982,54.5800018,53.6699982,53.6899986,47.2523003,1.52074E7,1.52074E7,-7.1677,-13.171,51.8341,"February 21, 18",-0.13171
2018-02-20,55.0,55.0,54.2799988,54.3400002,47.8243752,1.60698E7,1.60698E7,-7.17562,-13.047,52.36812,"February 20, 18",-0.13047
2018-02-16,55.4000015,55.8400002,55.0999985,55.5999985,48.9332848,1.15916E7,1.15916E7,-6.46672,-11.673,53.29109,"February 16, 18",-0.11673
2018-02-15,54.6800003,55.3800011,54.4500008,55.3800011,48.739666,1.47889E7,1.47889E7,-5.94033,-10.864,52.85656,"February 15, 18",-0.10864
2018-02-14,54.2200012,54.6599998,53.9399986,54.4799995,47.9475899,2.03705E7,2.03705E7,-6.27241,-11.568,52.18253,"February 14, 18",-0.11568
2018-02-13,54.0600014,54.6500015,54.0499992,54.5099983,47.9739876,1.19945E7,1.19945E7,-6.08601,-11.258,52.22466,"February 13, 18",-0.11258
2018-02-12,54.0200005,54.5200005,53.8899994,54.2599983,47.7539635,2.10136E7,2.10136E7,-6.26604,-11.599,52.05465,"February 12, 18",-0.11599
2018-02-09,54.0099983,54.0999985,52.6599998,53.7099991,47.2699127,3.4912E7,3.4912E7,-6.74009,-12.479,51.3433,"February 09, 18",-0.12479
2018-02-08,54.9099998,55.0200005,53.5800018,53.5999985,47.1730957,3.29284E7,3.29284E7,-7.7369,-14.09,51.92437,"February 08, 18",-0.1409
2018-02-07,54.9000015,55.7999992,54.7200012,54.7799988,48.2116089,1.75269E7,1.75269E7,-6.68839,-12.183,52.91054,"February 07, 18",-0.12183
2018-02-06,53.5299988,55.1300011,53.2400017,55.0200005,48.4228325,3.88817E7,3.88817E7,-5.10717,-9.541,52.26428,"February 06, 18",-0.09541
2018-02-05,56.2299995,56.5699997,54.3899994,54.4199982,47.8947754,3.94875E7,3.94875E7,-8.33522,-14.823,52.95159,"February 05, 18",-0.14823
2018-02-02,57.2900009,57.4399986,56.4300003,56.4700012,49.6989746,1.55691E7,1.55691E7,-7.59103,-13.25,54.52299,"February 02, 18",-0.1325
2018-02-01,57.5999985,57.9000015,57.4300003,57.5699997,50.6670799,1.40945E7,1.40945E7,-6.93292,-12.036,55.33236,"February 01, 18",-0.12036
2018-01-31,58.1399994,58.2900009,57.5900002,57.8199997,50.8870964,1.3757E7,1.3757E7,-7.2529,-12.475,55.58903,"January 31, 18",-0.12475
2018-01-30,58.0800018,58.5800018,57.9399986,58.0900002,51.1247253,1.08981E7,1.08981E7,-6.95528,-11.975,55.88158,"January 30, 18",-0.11975
2018-01-29,58.8100014,58.9500008,58.4399986,58.4799995,51.4679642,1.07608E7,1.07608E7,-7.34204,-12.484,56.28599,"January 29, 18",-0.12484
2018-01-26,58.3199997,58.7299995,58.2400017,58.7099991,51.6703758,6342700.0,6342700.0,-6.64962,-11.402,56.21346,"January 26, 18",-0.11402
2018-01-25,58.5,58.7400017,58.1300011,58.4300003,51.4239655,1.21446E7,1.21446E7,-7.07603,-12.096,56.09799,"January 25, 18",-0.12096
2018-01-24,58.4300003,58.4700012,58.1199989,58.4000015,51.3975601,1.66035E7,1.66035E7,-7.03244,-12.036,55.99585,"January 24, 18",-0.12036
2018-01-23,58.2000008,58.4399986,58.0099983,58.2799988,51.2919464,1.09089E7,1.09089E7,-6.90805,-11.87,55.91398,"January 23, 18",-0.1187
2018-01-22,58.0,58.4700012,57.9700012,58.4700012,51.459156,7871600.0,7871600.0,-6.54084,-11.277,55.96639,"January 22, 18",-0.11277
2018-01-19,57.5999985,58.0900002,57.5400009,58.0299988,51.0719223,9962800.0,9962800.0,-6.52808,-11.333,55.56731,"January 19, 18",-0.11333
2018-01-18,57.5499992,57.6500015,57.2900009,57.3899994,50.508667,1.24233E7,1.24233E7,-7.04133,-12.235,55.14956,"January 18, 18",-0.12235
2018-01-17,57.0999985,57.7700005,57.0499992,57.5600014,50.6582756,1.25497E7,1.25497E7,-6.44172,-11.281,55.15943,"January 17, 18",-0.11281
2018-01-16,56.7599983,57.1100006,56.7299995,56.9099998,50.086216,1.38067E7,1.38067E7,-6.67378,-11.758,54.64207,"January 16, 18",-0.11758
2018-01-12,56.7200012,56.9199982,56.5299988,56.6500015,49.8573875,7308900.0,7308900.0,-6.86261,-12.099,54.43579,"January 12, 18",-0.12099
2018-01-11,56.8199997,56.8199997,56.5299988,56.6300011,49.8397827,1.15008E7,1.15008E7,-6.98022,-12.285,54.39659,"January 11, 18",-0.12285
2018-01-10,56.8499985,56.8600006,56.3300018,56.7099991,49.9101906,9663500.0,9663500.0,-6.93981,-12.207,54.36673,"January 10, 18",-0.12207
2018-01-09,57.1399994,57.2700005,56.9799995,56.9900017,50.15662,8357600.0,8357600.0,-6.98338,-12.222,54.80221,"January 09, 18",-0.12222
2018-01-08,56.8499985,57.1199989,56.8199997,57.0699997,50.2270317,1.2891E7,1.2891E7,-6.62297,-11.65,54.72234,"January 08, 18",-0.1165
2018-01-05,56.7700005,56.9700012,56.6399994,56.9300003,50.1038132,1.55551E7,1.55551E7,-6.66619,-11.742,54.57127,"January 05, 18",-0.11742
2018-01-04,56.6699982,56.9500008,56.5299988,56.6800003,49.8837891,1.54551E7,1.54551E7,-6.78621,-11.975,54.4546,"January 04, 18",-0.11975
2018-01-03,56.6300011,56.7200012,56.4700012,56.5200005,49.742981,1.79504E7,1.79504E7,-6.88702,-12.161,54.31099,"January 03, 18",-0.12161
2018-01-02,56.9500008,57.0200005,56.5299988,56.5400009,49.7605858,2.01468E7,2.01468E7,-7.18941,-12.624,54.43686,"January 02, 18",-0.12624
2017-12-29,56.9000015,57.1899986,56.8800011,56.8899994,50.0686111,5085300.0,5085300.0,-6.83139,-12.006,54.71287,"December 29, 17",-0.12006
2017-12-28,57.0699997,57.1399994,56.7599983,56.9000015,50.0774193,7291200.0,7291200.0,-6.99258,-12.253,54.65914,"December 28, 17",-0.12253
2017-12-27,57.0800018,57.2000008,56.9099998,56.9900017,50.15662,5992600.0,5992600.0,-6.92338,-12.129,54.75554,"December 27, 17",-0.12129
2017-12-26,56.8300018,57.1199989,56.7900009,57.0,50.1654167,8506300.0,8506300.0,-6.66459,-11.727,54.69181,"December 26, 17",-0.11727
2017-12-22,56.8600006,56.9599991,56.7999992,56.8699989,50.0510063,4218600.0,4218600.0,-6.80899,-11.975,54.60367,"December 22, 17",-0.11975
2017-12-21,56.9300003,57.0200005,56.7200012,56.7799988,49.9717941,5553100.0,5553100.0,-6.95821,-12.222,54.5706,"December 21, 17",-0.12222
2017-12-20,56.9700012,57.0200005,56.4799995,56.8199997,50.0070076,1.38138E7,1.38138E7,-6.96299,-12.222,54.50234,"December 20, 17",-0.12222
2017-12-19,57.0699997,57.1800003,56.9099998,56.9199982,50.0950089,7889000.0,7889000.0,-6.97499,-12.222,54.72834,"December 19, 17",-0.12222
2017-12-18,57.0,57.3100014,56.8199997,56.8499985,50.0334015,8799600.0,8799600.0,-6.9666,-12.222,54.72113,"December 18, 17",-0.12222
2017-12-15,56.5699997,56.9599991,56.5699997,56.8800011,50.0598106,9090900.0,9090900.0,-6.51019,-11.508,54.52994,"December 15, 17",-0.11508
2017-12-14,56.9900017,56.9900017,56.6500015,56.6599998,49.4983063,9118200.0,9118200.0,-7.4917,-13.146,54.37944,"December 14, 17",-0.13146
2017-12-13,56.6300011,57.0400009,56.5499992,56.9099998,49.7167091,1.1589E7,1.1589E7,-6.91329,-12.208,54.43557,"December 13, 17",-0.12208
2017-12-12,56.6100006,56.8100014,56.4000015,56.5900002,49.4371681,6220100.0,6220100.0,-7.17283,-12.671,54.21572,"December 12, 17",-0.12671
2017-12-11,56.5299988,56.6100006,56.2700005,56.5800018,49.4284172,6737800.0,6737800.0,-7.10158,-12.562,54.10281,"December 11, 17",-0.12562
2017-12-08,56.4500008,56.5900002,56.2000008,56.5900002,49.4371681,8695500.0,8695500.0,-7.01283,-12.423,54.07572,"December 08, 17",-0.12423
2017-12-07,56.8899994,56.9199982,56.4099998,56.4399986,49.3061142,7557500.0,7557500.0,-7.58389,-13.331,54.21204,"December 07, 17",-0.13331
2017-12-06,56.6199989,56.9900017,56.6199989,56.9900017,49.786602,1.67122E7,1.67122E7,-6.8334,-12.069,54.46553,"December 06, 17",-0.12069
2017-12-05,56.7200012,56.9300003,56.4799995,56.6300011,49.4721069,2.29304E7,2.29304E7,-7.24789,-12.778,54.29404,"December 05, 17",-0.12778
2017-12-04,56.5800018,56.7700005,56.0800018,56.7200012,49.5507278,2.27713E7,2.27713E7,-7.02927,-12.424,54.13358,"December 04, 17",-0.12424
2017-12-01,55.9300003,56.2099991,55.3300018,56.1899986,49.0877266,2.93287E7,2.93287E7,-6.84227,-12.234,53.54258,"December 01, 17",-0.12234
2017-11-30,55.75,56.2000008,55.6100006,56.0499992,48.965416,1.40983E7,1.40983E7,-6.78458,-12.17,53.59181,"November 30, 17",-0.1217
2017-11-29,55.2099991,55.75,55.1599998,55.5400009,48.5198746,1.47399E7,1.47399E7,-6.69012,-12.118,53.14329,"November 29, 17",-0.12118
2017-11-28,54.8899994,55.25,54.7700005,55.25,48.2665253,6985900.0,6985900.0,-6.62347,-12.067,52.76218,"November 28, 17",-0.12067
2017-11-27,54.7400017,54.9000015,54.7200012,54.7999992,47.8734131,8108900.0,8108900.0,-6.86659,-12.544,52.49781,"November 27, 17",-0.12544
2017-11-24,54.9000015,54.9599991,54.7599983,54.7700005,47.8472023,2331000.0,2331000.0,-7.0528,-12.847,52.5224,"November 24, 17",-0.12847
2017-11-22,54.8699989,54.9300003,54.6399994,54.8100014,47.8821449,1.04704E7,1.04704E7,-6.98785,-12.735,52.48405,"November 22, 17",-0.12735
2017-11-21,54.7999992,55.1100006,54.7400017,54.8800011,47.9433022,1.03839E7,1.03839E7,-6.8567,-12.512,52.59777,"November 21, 17",-0.12512
2017-11-20,54.6699982,54.8800011,54.6500015,54.7000008,47.7860527,6946900.0,6946900.0,-6.88395,-12.592,52.43869,"November 20, 17",-0.12592
2017-11-17,54.7999992,54.9500008,54.6500015,54.7599983,47.8384666,7298900.0,7298900.0,-6.96153,-12.704,52.47949,"November 17, 17",-0.12704
2017-11-16,54.6899986,55.1100006,54.6199989,54.9500008,48.0044556,1.11342E7,1.11342E7,-6.68554,-12.224,52.57815,"November 16, 17",-0.12224
2017-11-15,54.6100006,54.6599998,54.1599998,54.2000008,47.349247,1.07248E7,1.07248E7,-7.26075,-13.296,52.05642,"November 15, 17",-0.13296
2017-11-14,54.4500008,54.8199997,54.3699989,54.7799988,47.855938,8903200.0,8903200.0,-6.59406,-12.11,52.34865,"November 14, 17",-0.1211
2017-11-13,54.3100014,54.8100014,54.2799988,54.5900002,47.6899567,7809300.0,7809300.0,-6.62004,-12.189,52.25999,"November 13, 17",-0.12189
2017-11-10,53.6500015,54.3300018,53.6199989,54.2799988,47.4191399,7993600.0,7993600.0,-6.23086,-11.614,51.78971,"November 10, 17",-0.11614
2017-11-09,53.5,53.9099998,53.4599991,53.7299995,46.9386597,1.04213E7,1.04213E7,-6.56134,-12.264,51.43622,"November 09, 17",-0.12264
2017-11-08,53.3199997,53.7400017,53.25,53.7400017,46.9473953,1.28604E7,1.28604E7,-6.3726,-11.952,51.31247,"November 08, 17",-0.11952
2017-11-07,52.5999985,53.1599998,52.4300003,53.1599998,46.4407005,9536300.0,9536300.0,-6.1593,-11.71,50.6769,"November 07, 17",-0.1171
2017-11-06,53.0299988,53.0400009,52.5600014,52.5699997,45.9252777,1.07311E7,1.07311E7,-7.10472,-13.398,50.50843,"November 06, 17",-0.13398
2017-11-03,53.1599998,53.3100014,53.0800018,53.1399994,46.4232254,5922400.0,5922400.0,-6.73677,-12.673,50.93774,"November 03, 17",-0.12673
2017-11-02,53.2000008,53.2900009,52.9300003,53.1300011,46.4144974,1.06614E7,1.06614E7,-6.7855,-12.755,50.87817,"November 02, 17",-0.12755
2017-11-01,53.2400017,53.4000015,53.0900002,53.2599983,46.5280571,7556300.0,7556300.0,-6.71194,-12.607,51.00602,"November 01, 17",-0.12607
2017-10-31,52.9099998,53.2099991,52.8199997,53.0900002,46.3795433,1.08249E7,1.08249E7,-6.53046,-12.343,50.80318,"October 31, 17",-0.12343
